Evalues 2.99966 6.99827 10.9958
0.0332226 8.26977e-005 0.000123935 0.00015478
0.0664452 0.000329697 0.00049192 0.000611629
0.0996678 0.000737734 0.00109261 0.00134845
0.13289 0.00130143 0.00190752 0.00232961
0.166113 0.00201338 0.00291159 0.00350771
0.199336 0.00286426 0.00407401 0.00482593
0.232558 0.00384302 0.00535919 0.00622076
0.265781 0.00493701 0.00672794 0.00762516
0.299003 0.00613221 0.00813862 0.0089718
0.332226 0.00741347 0.00954855 0.0101963
0.365449 0.0087647 0.0109153 0.0112404
0.398671 0.0101692 0.0121979 0.0120546
0.431894 0.0116097 0.0133583 0.0126008
0.465116 0.0130691 0.0143624 0.0128536
0.498339 0.01453 0.0151811 0.0128018
0.531561 0.0159756 0.0157908 0.0124489
0.564784 0.0173897 0.0161748 0.0118123
0.598007 0.0187567 0.016323 0.0109231
0.631229 0.0200621 0.0162323 0.00982393
0.664452 0.0212926 0.0159069 0.00856706
0.697674 0.0224361 0.0153578 0.0072119
0.730897 0.0234821 0.0146022 0.00582205
0.76412 0.0244213 0.0136634 0.00446234
0.797342 0.0252464 0.0125696 0.0031958
0.830565 0.0259514 0.011353 0.00208079
0.863787 0.0265322 0.010049 0.00116835
0.89701 0.0269862 0.00869499 0.000499961
0.930233 0.0273123 0.0073294 0.000105822
0.963455 0.027511 0.00599036 3.61313e-006
0.996678 0.0275844 0.00471479 0.000197895
1.0299 0.0275356 0.00353742 0.000680111
1.06312 0.0273693 0.00248984 0.00142917
1.09635 0.027091 0.00159977 0.00241259
1.12957 0.0267072 0.000890434 0.00358812
1.16279 0.0262254 0.000380042 0.00490576
1.19601 0.0256536 8.14995e-005 0.00631004
1.22924 0.0250003 2.23424e-006 0.00774255
1.26246 0.0242743 0.000144195 0.00914445
1.29568 0.023485 0.000503997 0.010459
1.3289 0.0226413 0.00107321 0.0116338
1.36213 0.0217527 0.00183874 0.0126229
1.39535 0.020828 0.0027834 0.0133889
1.42857 0.0198761 0.00388642 0.0139035
1.46179 0.0189054 0.00512416 0.0141493
1.49502 0.0179239 0.00647079 0.0141194
1.52824 0.0169392 0.007899 0.0138181
1.56146 0.0159581 0.0093807 0.01326
1.59468 0.0149872 0.0108877 0.0124693
1.62791 0.0140321 0.0123924 0.0114786
1.66113 0.013098 0.0138684 0.0103274
1.69435 0.0121893 0.0152908 0.0090602
1.72757 0.01131 0.016637 0.00772517
1.7608 0.0104632 0.0178868 0.00637181
1.79402 0.00965165 0.0190228 0.00504934
1.82724 0.00887729 0.0200306 0.00380489
1.86047 0.00814166 0.0208988 0.00268196
1.89369 0.00744579 0.0216192 0.00171899
1.92691 0.00679019 0.0221864 0.000948317
1.96013 0.006175 0.0225984 0.000395264
1.99336 0.00559994 0.0228555 7.76296e-005
2.02658 0.00506442 0.0229608 5.41962e-006
2.0598 0.00456757 0.0229198 0.000180878
2.09302 0.00410824 0.0227397 0.000598776
2.12625 0.00368509 0.0224296 0.00124694
2.15947 0.00329664 0.022 0.00210698
2.19269 0.00294123 0.0214624 0.00315517
2.22591 0.00261716 0.0208291 0.00436342
2.25914 0.00232262 0.0201129 0.00570042
2.29236 0.0020558 0.0193266 0.00713264
2.32558 0.00181486 0.0184832 0.00862553
2.3588 0.00159797 0.0175953 0.0101445
2.39203 0.00140335 0.0166749 0.0116558
2.42525 0.00122924 0.0157336 0.0131275
2.45847 0.00107395 0.0147821 0.0145305
2.49169 0.000935869 0.01383 0.0158384
2.52492 0.000813456 0.0128864 0.0170286
2.55814 0.000705253 0.011959 0.0180826
2.59136 0.000609889 0.0110548 0.0189856
2.62458 0.000526084 0.0101794 0.0197274
2.65781 0.00045265 0.00933781 0.0203015
2.69103 0.000388487 0.00853379 0.0207055
2.72425 0.000332583 0.00777034 0.0209406
2.75748 0.000284012 0.00704957 0.0210112
2.7907 0.000241929 0.00637283 0.0209246
2.82392 0.000205569 0.00574077 0.0206906
2.85714 0.000174241 0.00515343 0.0203209
2.89037 0.000147322 0.00461031 0.0198289
2.92359 0.000124255 0.00411044 0.0192288
2.95681 0.000104541 0.00365248 0.0185358
2.99003 8.77394e-005 0.00323479 0.0177651
3.02326 7.34575e-005 0.00285546 0.016932
3.05648 6.13501e-005 0.00251244 0.0160513
3.0897 5.11133e-005 0.00220351 0.0151372
3.12292 4.2481e-005 0.00192641 0.0142029
3.15615 3.52208e-005 0.00167884 0.0132607
3.18937 2.91306e-005 0.00145851 0.0123216
3.22259 2.40352e-005 0.00126316 0.0113954
3.25581 1.97832e-005 0.00109061 0.0104907
3.28904 1.62442e-005 0.000938757 0.00961459
3.32226 1.33061e-005 0.000805596 0.0087731
3.35548 1.08733e-005 0.000689243 0.0079709
3.3887 8.86398e-006 0.000587933 0.00721156
3.42193 7.20867e-006 0.000500026 0.00649759
3.45515 5.84846e-006 0.000424008 0.00583052
3.48837 4.73359e-006 0.000358494 0.00521104
3.52159 3.82211e-006 0.000302219 0.00463906
3.55482 3.0788e-006 0.000254041 0.00411386
3.58804 2.47415e-006 0.000212928 0.0036342
3.62126 1.98353e-006 0.000177958 0.00319839
3.65449 1.58644e-006 0.000148307 0.00280438
3.68771 1.26583e-006 0.000123247 0.0024499
3.72093 1.00763e-006 0.000102133 0.00213247
3.75415 8.00206e-007 8.43981e-005 0.00184954
3.78738 6.33981e-007 6.95484e-005 0.00159846
3.8206 5.01102e-007 5.71522e-005 0.00137664
3.85382 3.95143e-007 4.68356e-005 0.00118149
3.88704 3.10856e-007 3.82756e-005 0.00101054
3.92027 2.43975e-007 3.11942e-005 0.000861385
3.95349 1.91034e-007 2.53536e-005 0.000731779
3.98671 1.49231e-007 2.05504e-005 0.000619604
4.01993 1.16303e-007 1.66121e-005 0.000522892
4.05316 9.04282e-008 1.33922e-005 0.000439832
4.08638 7.0146e-008 1.07675e-005 0.000368765
4.1196 5.4286e-008 8.6339e-006 0.000308185
4.15282 4.1914e-008 6.90461e-006 0.000256734
4.18605 3.22863e-008 5.50699e-006 0.000213195
4.21927 2.48123e-008 4.38062e-006 0.000176482
4.25249 1.90241e-008 3.47541e-006 0.000145634
4.28571 1.45523e-008 2.74999e-006 0.000119806
4.31894 1.11058e-008 2.17027e-006 9.82537e-005
4.35216 8.45593e-009 1.70826e-006 8.03318e-005
4.38538 6.4234e-009 1.3411e-006 6.54789e-005
4.4186 4.86813e-009 1.05011e-006 5.32106e-005
4.45183 3.6809e-009 8.20119e-007 4.31108e-005
4.48505 2.77678e-009 6.38841e-007 3.48235e-005
4.51827 2.08989e-009 4.96347e-007 2.80456e-005
4.5515 1.56929e-009 3.84642e-007 2.252e-005
4.58472 1.17566e-009 2.9731e-007 1.80299e-005
4.61794 8.78731e-010 2.29217e-007 1.43927e-005
4.65116 6.55285e-010 1.76267e-007 1.14558e-005
4.68439 4.87533e-010 1.35203e-007 9.09169e-006
4.71761 3.61891e-010 1.03441e-007 7.19464e-006
4.75083 2.68011e-010 7.89397e-008 5.67705e-006
4.78405 1.98029e-010 6.00889e-008 4.46676e-006
4.81728 1.45984e-010 4.5624e-008 3.50447e-006
4.8505 1.07371e-010 3.45536e-008 2.7417e-006
4.88372 7.87901e-011 2.61035e-008 2.13888e-006
4.91694 5.76846e-011 1.96703e-008 1.66391e-006
4.95017 4.21359e-011 1.47853e-008 1.29079e-006
4.98339 3.07079e-011 1.10856e-008 9.98539e-007
5.01661 2.23282e-011 8.29092e-009 7.70309e-007
5.04983 1.61981e-011 6.18529e-009 5.92598e-007
5.08306 1.17241e-011 4.60293e-009 4.54625e-007
5.11628 8.46648e-012 3.41686e-009 3.47816e-007
5.1495 6.10006e-012 2.53012e-009 2.65371e-007
5.18272 4.38504e-012 1.86886e-009 2.01915e-007
5.21595 3.14501e-012 1.377e-009 1.53213e-007
5.24917 2.25051e-012 1.01209e-009 1.15943e-007
5.28239 1.60675e-012 7.42049e-010 8.75014e-008
5.31561 1.14453e-012 5.42718e-010 6.58584e-008
5.34884 8.13419e-013 3.95956e-010 4.94352e-008
5.38206 5.76786e-013 2.88172e-010 3.70079e-008
5.41528 4.08062e-013 2.09214e-010 2.76305e-008
5.4485 2.88038e-013 1.51518e-010 2.05741e-008
5.48173 2.02855e-013 1.09465e-010 1.52791e-008
5.51495 1.4254e-013 7.8891e-011 1.13167e-008
5.54817 9.99305e-014 5.67175e-011 8.35966e-009
5.5814 6.98996e-014 4.0677e-011 6.15899e-009
5.61462 4.87827e-014 2.9102e-011 4.5257e-009
5.64784 3.39681e-014 2.07703e-011 3.31679e-009
5.68106 2.35989e-014 1.47879e-011 2.42444e-009
5.71429 1.63579e-014 1.05031e-011 1.76753e-009
5.74751 1.13131e-014 7.44177e-012 1.28525e-009
5.78073 7.80638e-015 5.25999e-012 9.32126e-010
5.81395 5.37446e-015 3.70889e-012 6.74269e-010
5.84718 3.69179e-015 2.60889e-012 4.86479e-010
5.8804 2.53021e-015 1.83071e-012 3.50083e-010
5.91362 1.73019e-015 1.28156e-012 2.51278e-010
5.94684 1.18046e-015 8.9498e-013 1.79895e-010
5.98007 8.0357e-016 6.23511e-013 1.28459e-010
6.01329 5.45779e-016 4.33344e-013 9.14944e-011
6.04651 3.69853e-016 3.00456e-013 6.49996e-011
6.07973 2.5007e-016 2.0782e-013 4.60592e-011
6.11296 1.68699e-016 1.43402e-013 3.25546e-011
6.14618 1.13549e-016 9.87157e-014 2.2951e-011
6.1794 7.62566e-017 6.77922e-014 1.61393e-011
6.21262 5.10964e-017 4.64448e-014 1.13205e-011
6.24585 3.41606e-017 3.17439e-014 7.92033e-012
6.27907 2.27867e-017 2.16446e-014 5.52742e-012
6.31229 1.51656e-017 1.47233e-014 3.84773e-012
6.34551 1.00707e-017 9.99145e-015 2.67172e-012
6.37874 6.67239e-018 6.76427e-015 1.85047e-012
6.41196 4.4109e-018 4.5686e-015 1.27844e-012
6.44518 2.90935e-018 3.07834e-015 8.81031e-013
6.47841 1.91464e-018 2.06929e-015 6.05636e-013
6.51163 1.2572e-018 1.38771e-015 4.15283e-013
6.54485 8.23649e-019 9.28431e-016 2.84048e-013
6.57807 5.38401e-019 6.1969e-016 1.93801e-013
6.6113 3.5115e-019 4.12643e-016 1.31898e-013
6.64452 2.2851e-019 2.74126e-016 8.95443e-014
6.67774 1.48369e-019 1.81678e-016 6.064e-014
6.71096 9.61183e-020 1.20125e-016 4.0964e-014
6.74419 6.21289e-020 7.92393e-017 2.76038e-014
6.77741 4.0069e-020 5.21468e-017 1.8555e-014
6.81063 2.5784e-020 3.4237e-017 1.24417e-014
6.84385 1.65546e-020 2.24255e-017 8.32199e-015
6.87708 1.06051e-020 1.46545e-017 5.55269e-015
6.9103 6.77857e-021 9.55395e-018 3.69581e-015
6.94352 4.32302e-021 6.21408e-018 2.45385e-015
6.97674 2.75084e-021 4.03231e-018 1.62525e-015
7.00997 1.74649e-021 2.61045e-018 1.07381e-015
7.04319 1.10635e-021 1.68602e-018 7.07733e-016
7.07641 6.99281e-022 1.08641e-018 4.65317e-016
7.10963 4.40992e-022 6.98412e-019 3.05188e-016
7.14286 2.77484e-022 4.47937e-019 1.99675e-016
7.17608 1.74214e-022 2.86622e-019 1.30323e-016
7.2093 1.09137e-022 1.82974e-019 8.4852e-017
7.24252 6.82157e-023 1.16535e-019 5.51119e-017
7.27575 4.25436e-023 7.40482e-020 3.57086e-017
7.30897 2.64728e-023 4.6942e-020 2.30805e-017
7.34219 1.64364e-023 2.96893e-020 1.48821e-017
7.37542 1.01816e-023 1.87339e-020 9.57263e-018
7.40864 6.29171e-024 1.17937e-020 6.14252e-018
7.44186 3.87951e-024 7.40735e-021 3.93198e-018
7.47508 2.38685e-024 4.64163e-021 2.51089e-018
7.50831 1.46513e-024 2.90183e-021 1.59954e-018
7.54153 8.97191e-025 1.80996e-021 1.01651e-018
7.57475 5.48275e-025 1.12633e-021 6.44447e-019
7.60797 3.34499e-025 6.99298e-022 4.07583e-019
7.6412 2.03687e-025 4.33168e-022 2.57158e-019
7.67442 1.23779e-025 2.6769e-022 1.61861e-019
7.70764 7.50998e-026 1.65044e-022 1.01634e-019
7.74086 4.54162e-026 1.0152e-022 6.36643e-020
7.77409 2.73636e-026 6.23032e-023 3.97842e-020
7.80731 1.64622e-026 3.81471e-023 2.4802e-020
7.84053 9.88098e-027 2.3302e-023 1.54249e-020
7.87375 5.93849e-027 1.41993e-023 9.57019e-021
7.90698 3.54972e-027 8.63104e-024 5.92355e-021
7.9402 2.11216e-027 5.23482e-024 3.65773e-021
7.97342 1.26228e-027 3.16785e-024 2.25325e-021
8.00664 7.56657e-028 1.91306e-024 1.38475e-021
8.03987 4.52223e-028 1.15278e-024 8.48969e-022
8.07309 2.68945e-028 6.93544e-025 5.19244e-022
8.10631 1.60572e-028 4.16527e-025 3.1682e-022
8.13953 9.41681e-029 2.49679e-025 1.92847e-022
8.17276 5.28492e-029 1.4939e-025 1.17102e-022
8.20598 2.78951e-029 8.92994e-026 7.09376e-023
8.2392 1.56947e-029 5.33312e-026 4.28707e-023
8.27243 7.99864e-030 3.18009e-026 2.58466e-023
8.30565 4.49915e-030 1.8922e-026 1.5545e-023
8.33887 2.50984e-030 1.12496e-026 9.32746e-024
8.37209 1.42707e-030 6.66176e-027 5.58256e-024
8.40532 7.66964e-031 3.94678e-027 3.33318e-024
8.43854 2.90638e-031 2.33161e-027 1.98504e-024
8.47176 1.70054e-031 1.37859e-027 1.17977e-024
8.50498 1.59122e-031 8.09276e-028 6.99516e-025
8.53821 1.70474e-031 4.77141e-028 4.13832e-025
8.57143 3.47496e-033 2.86242e-028 2.44252e-025
8.60465 2.55751e-033 1.68611e-028 1.43812e-025
8.63787 8.58787e-033 9.76075e-029 8.43834e-026
8.6711 2.31588e-033 5.49824e-029 4.93442e-026
8.70432 2.90879e-032 3.44736e-029 2.87468e-026
8.73754 8.46354e-032 2.27584e-029 1.66833e-026
8.77076 3.39807e-031 1.61728e-029 9.64796e-027
8.80399 2.5869e-031 1.11883e-029 5.55943e-027
8.83721 2.61256e-031 7.43836e-030 3.1982e-027
8.87043 1.90978e-031 3.99485e-030 1.83826e-027
8.90365 1.93418e-031 1.34543e-030 1.0519e-027
8.93688 1.37857e-031 5.78289e-031 5.94404e-028
8.9701 3.03887e-032 2.95409e-031 3.30286e-028
9.00332 3.2397e-034 3.51411e-031 1.85167e-028
9.03654 5.70007e-033 4.81299e-031 1.01217e-028
9.06977 3.03288e-032 6.33328e-031 5.56049e-029
9.10299 4.69888e-032 5.81048e-031 3.29047e-029
9.13621 3.11087e-034 3.59508e-031 2.0695e-029
9.16944 1.0126e-031 3.10042e-031 1.31903e-029
9.20266 1.66071e-031 4.51533e-031 8.22713e-030
9.23588 7.91803e-032 6.28644e-031 5.59626e-030
9.2691 3.55328e-033 5.8357e-031 3.58259e-030
9.30233 3.48938e-033 6.25358e-031 1.76345e-030
9.33555 7.58478e-033 6.63744e-031 5.69287e-031
9.36877 4.5378e-032 7.0412e-031 3.30266e-032
9.40199 1.25249e-031 6.2094e-031 2.25295e-032
9.43522 3.08015e-031 4.87747e-031 1.21295e-031
9.46844 4.35252e-031 2.70514e-031 2.01578e-031
9.50166 4.76256e-031 5.50367e-032 2.4439e-031
9.53488 2.91385e-031 8.20725e-035 2.64621e-031
9.56811 2.84667e-032 2.06744e-032 2.01352e-031
9.60133 4.46616e-033 7.57947e-032 1.10414e-031
9.63455 2.60865e-032 1.34512e-031 3.27131e-032
9.66777 2.49554e-032 2.76866e-031 9.79759e-034
9.701 1.93482e-032 2.78668e-031 1.75594e-032
9.73422 4.48392e-033 2.4371e-031 1.25523e-032
9.76744 3.75397e-032 2.92232e-031 4.50488e-032
9.80066 1.00185e-031 1.51965e-031 1.41227e-031
9.83389 9.40094e-032 7.45102e-032 2.51373e-031
9.86711 2.30175e-031 2.74019e-032 2.23167e-031
9.90033 3.68313e-031 8.24457e-032 1.39799e-031
9.93355 3.09269e-031 6.19634e-032 7.87126e-032
9.96678 1.50508e-031 2.68075e-032 7.82865e-033
