0 -0.000740664 0.000907307 -0.00101451
0.0062422 0.00148125 -0.00181436 0.00202859
0.0124844 0.00222167 -0.00272091 0.0030418
0.0187266 0.00296183 -0.00362673 0.0040537
0.0249688 0.00370163 -0.00453156 0.00506386
0.031211 0.00444099 -0.00543515 0.00607185
0.0374532 0.00517985 -0.00633726 0.00707725
0.0436954 0.00591811 -0.00723764 0.00807962
0.0499376 0.00665567 -0.00813605 0.00907851
0.0561798 0.00739245 -0.00903225 0.0100735
0.062422 0.00812836 -0.00992597 0.0110642
0.0686642 0.00886333 -0.010817 0.0120502
0.0749064 0.00959727 -0.0117051 0.013031
0.0811486 0.0103301 -0.01259 0.0140062
0.0873908 0.0110617 -0.0134714 0.0149754
0.093633 0.011792 -0.0143492 0.0159382
0.0998752 0.012521 -0.0152231 0.0168942
0.106117 0.0132485 -0.0160928 0.0178429
0.11236 0.0139744 -0.0169582 0.018784
0.118602 0.0146987 -0.0178189 0.0197171
0.124844 0.0154214 -0.0186748 0.0206417
0.131086 0.0161422 -0.0195256 0.0215575
0.137328 0.0168611 -0.0203711 0.022464
0.143571 0.0175781 -0.0212111 0.023361
0.149813 0.0182931 -0.0220453 0.024248
0.156055 0.0190059 -0.0228735 0.0251246
0.162297 0.0197166 -0.0236955 0.0259904
0.168539 0.0204249 -0.024511 0.0268452
0.174782 0.0211309 -0.0253199 0.0276885
0.181024 0.0218345 -0.026122 0.0285199
0.187266 0.0225355 -0.0269169 0.0293392
0.193508 0.0232339 -0.0277046 0.0301459
0.19975 0.0239297 -0.0284847 0.0309398
0.205993 0.0246227 -0.0292571 0.0317204
0.212235 0.0253128 -0.0300216 0.0324875
0.218477 0.0260001 -0.030778 0.0332408
0.224719 0.0266844 -0.031526 0.0339799
0.230961 0.0273656 -0.0322655 0.0347045
0.237203 0.0280437 -0.0329963 0.0354143
0.243446 0.0287185 -0.0337181 0.036109
0.249688 0.0293901 -0.0344309 0.0367883
0.25593 0.0300583 -0.0351343 0.037452
0.262172 0.0307231 -0.0358283 0.0380997
0.268414 0.0313844 -0.0365126 0.0387312
0.274657 0.0320421 -0.037187 0.0393462
0.280899 0.0326962 -0.0378514 0.0399444
0.287141 0.0333466 -0.0385057 0.0405257
0.293383 0.0339931 -0.0391495 0.0410897
0.299625 0.0346359 -0.0397828 0.0416363
0.305868 0.0352747 -0.0404054 0.0421652
0.31211 0.0359095 -0.0410171 0.0426761
0.318352 0.0365402 -0.0416179 0.043169
0.324594 0.0371669 -0.0422074 0.0436435
0.330836 0.0377893 -0.0427856 0.0440995
0.337079 0.0384075 -0.0433523 0.0445368
0.343321 0.0390214 -0.0439074 0.0449552
0.349563 0.0396309 -0.0444508 0.0453546
0.355805 0.040236 -0.0449822 0.0457348
0.362047 0.0408366 -0.0455016 0.0460955
0.36829 0.0414326 -0.0460088 0.0464368
0.374532 0.042024 -0.0465038 0.0467584
0.380774 0.0426108 -0.0469863 0.0470603
0.387016 0.0431928 -0.0474562 0.0473422
0.393258 0.04377 -0.0479136 0.0476042
0.399501 0.0443424 -0.0483581 0.047846
0.405743 0.0449098 -0.0487897 0.0480676
0.411985 0.0454723 -0.0492084 0.048269
0.418227 0.0460298 -0.049614 0.04845
0.424469 0.0465823 -0.0500064 0.0486105
0.430712 0.0471296 -0.0503855 0.0487506
0.436954 0.0476718 -0.0507513 0.0488702
0.443196 0.0482088 -0.0511036 0.0489691
0.449438 0.0487405 -0.0514424 0.0490475
0.45568 0.049267 -0.0517676 0.0491053
0.461923 0.0497881 -0.0520791 0.0491424
0.468165 0.0503038 -0.0523768 0.0491589
0.474407 0.0508141 -0.0526607 0.0491548
0.480649 0.0513188 -0.0529307 0.04913
0.486891 0.0518181 -0.0531868 0.0490847
0.493134 0.0523118 -0.0534289 0.0490187
0.499376 0.0527999 -0.0536569 0.0489323
0.505618 0.0532823 -0.0538709 0.0488253
0.51186 0.0537591 -0.0540706 0.0486979
0.518102 0.0542301 -0.0542562 0.0485501
0.524345 0.0546954 -0.0544276 0.0483821
0.530587 0.0551549 -0.0545847 0.0481938
0.536829 0.0556085 -0.0547276 0.0479854
0.543071 0.0560563 -0.0548561 0.047757
0.549313 0.0564982 -0.0549704 0.0475088
0.555556 0.0569342 -0.0550703 0.0472407
0.561798 0.0573643 -0.0551559 0.046953
0.56804 0.0577883 -0.0552271 0.0466457
0.574282 0.0582064 -0.0552841 0.0463191
0.580524 0.0586184 -0.0553266 0.0459732
0.586767 0.0590244 -0.0553548 0.0456083
0.593009 0.0594243 -0.0553687 0.0452244
0.599251 0.059818 -0.0553682 0.0448217
0.605493 0.0602057 -0.0553534 0.0444005
0.611735 0.0605871 -0.0553244 0.0439609
0.617978 0.0609624 -0.055281 0.0435031
0.62422 0.0613315 -0.0552235 0.0430274
0.630462 0.0616943 -0.0551517 0.0425338
0.636704 0.0620509 -0.0550658 0.0420227
0.642946 0.0624013 -0.0549657 0.0414943
0.649189 0.0627454 -0.0548516 0.0409487
0.655431 0.0630833 -0.0547234 0.0403864
0.661673 0.0634148 -0.0545812 0.0398074
0.667915 0.06374 -0.0544251 0.039212
0.674157 0.064059 -0.0542551 0.0386005
0.6804 0.0643716 -0.0540713 0.0379732
0.686642 0.0646778 -0.0538738 0.0373303
0.692884 0.0649777 -0.0536625 0.0366721
0.699126 0.0652713 -0.0534377 0.0359988
0.705368 0.0655585 -0.0531993 0.0353109
0.71161 0.0658393 -0.0529475 0.0346085
0.717853 0.0661138 -0.0526823 0.033892
0.724095 0.0663819 -0.0524038 0.0331616
0.730337 0.0666435 -0.0521121 0.0324178
0.736579 0.0668989 -0.0518072 0.0316607
0.742821 0.0671478 -0.0514894 0.0308907
0.749064 0.0673903 -0.0511586 0.0301081
0.755306 0.0676265 -0.050815 0.0293133
0.761548 0.0678562 -0.0504587 0.0285066
0.76779 0.0680796 -0.0500898 0.0276883
0.774032 0.0682967 -0.0497084 0.0268589
0.780275 0.0685074 -0.0493146 0.0260185
0.786517 0.0687117 -0.0489086 0.0251676
0.792759 0.0689097 -0.0484905 0.0243066
0.799001 0.0691014 -0.0480603 0.0234358
0.805243 0.0692867 -0.0476182 0.0225555
0.811486 0.0694657 -0.0471644 0.0216661
0.817728 0.0696384 -0.046699 0.020768
0.82397 0.0698048 -0.046222 0.0198616
0.830212 0.069965 -0.0457337 0.0189471
0.836454 0.0701188 -0.0452342 0.0180251
0.842697 0.0702664 -0.0447235 0.0170958
0.848939 0.0704078 -0.044202 0.0161597
0.855181 0.0705429 -0.0436696 0.0152171
0.861423 0.0706718 -0.0431265 0.0142685
0.867665 0.0707945 -0.042573 0.0133141
0.873908 0.0709111 -0.0420091 0.0123544
0.88015 0.0710215 -0.041435 0.0113898
0.886392 0.0711257 -0.0408509 0.0104207
0.892634 0.0712239 -0.0402569 0.00944742
0.898876 0.071316 -0.0396533 0.00847037
0.905119 0.071402 -0.03904 0.00748998
0.911361 0.071482 -0.0384174 0.00650663
0.917603 0.0715559 -0.0377855 0.00552068
0.923845 0.0716239 -0.0371446 0.00453256
0.930087 0.071686 -0.0364949 0.00354265
0.93633 0.0717421 -0.0358364 0.00255132
0.942572 0.0717923 -0.0351694 0.00155901
0.948814 0.0718367 -0.0344941 0.000566096
0.955056 0.0718753 -0.0338105 -0.00042703
0.961298 0.071908 -0.0331191 -0.00141999
0.967541 0.071935 -0.0324197 -0.00241238
0.973783 0.0719563 -0.0317128 -0.00340382
0.980025 0.0719718 -0.0309984 -0.00439393
0.986267 0.0719817 -0.0302767 -0.00538232
0.992509 0.0719859 -0.0295479 -0.00636862
0.998752 0.0719845 -0.0288122 -0.00735244
1.00499 0.0719775 -0.0280698 -0.00833342
1.01124 0.071965 -0.0273208 -0.00931115
1.01748 0.0719469 -0.0265655 -0.0102853
1.02372 0.0719234 -0.0258041 -0.0112554
1.02996 0.0718945 -0.0250366 -0.0122212
1.0362 0.0718601 -0.0242634 -0.0131822
1.04245 0.0718204 -0.0234845 -0.0141382
1.04869 0.0717753 -0.0227003 -0.0150887
1.05493 0.071725 -0.0219109 -0.0160333
1.06117 0.0716694 -0.0211164 -0.0169719
1.06742 0.0716087 -0.0203172 -0.0179038
1.07366 0.0715427 -0.0195132 -0.018829
1.0799 0.0714717 -0.0187049 -0.0197469
1.08614 0.0713956 -0.0178923 -0.0206572
1.09238 0.0713145 -0.0170757 -0.0215596
1.09863 0.0712283 -0.0162552 -0.0224538
1.10487 0.0711373 -0.0154311 -0.0233395
1.11111 0.0710413 -0.0146035 -0.0242163
1.11735 0.0709404 -0.0137725 -0.0250839
1.1236 0.0708347 -0.0129385 -0.0259419
1.12984 0.0707242 -0.0121016 -0.0267902
1.13608 0.070609 -0.011262 -0.0276283
1.14232 0.0704891 -0.0104199 -0.028456
1.14856 0.0703647 -0.00957554 -0.0292729
1.15481 0.0702357 -0.00872903 -0.0300788
1.16105 0.0701021 -0.0078806 -0.0308734
1.16729 0.0699641 -0.00703046 -0.0316564
1.17353 0.0698216 -0.00617877 -0.0324275
1.17978 0.0696748 -0.00532573 -0.0331865
1.18602 0.0695237 -0.00447156 -0.033933
1.19226 0.0693683 -0.00361641 -0.0346669
1.1985 0.0692087 -0.00276047 -0.0353879
1.20474 0.0690448 -0.00190395 -0.0360957
1.21099 0.0688769 -0.00104702 -0.0367901
1.21723 0.0687049 -0.000189837 -0.0374708
1.22347 0.0685288 0.000667375 -0.0381377
1.22971 0.0683487 0.00152444 -0.0387904
1.23596 0.0681648 0.00238119 -0.0394289
1.2422 0.0679769 0.00323743 -0.0400528
1.24844 0.0677853 0.00409297 -0.040662
1.25468 0.0675898 0.00494765 -0.0412562
1.26092 0.0673907 0.00580128 -0.0418353
1.26717 0.067188 0.00665368 -0.0423991
1.27341 0.0669816 0.00750469 -0.0429474
1.27965 0.0667716 0.00835413 -0.0434801
1.28589 0.0665581 0.00920184 -0.0439968
1.29213 0.0663412 0.0100476 -0.0444976
1.29838 0.0661209 0.0108914 -0.0449823
1.30462 0.0658972 0.0117328 -0.0454506
1.31086 0.0656703 0.0125719 -0.0459026
1.3171 0.06544 0.0134084 -0.0463379
1.32335 0.0652066 0.0142421 -0.0467565
1.32959 0.0649701 0.015073 -0.0471583
1.33583 0.0647305 0.0159007 -0.0475432
1.34207 0.0644879 0.0167253 -0.0479111
1.34831 0.0642422 0.0175464 -0.0482617
1.35456 0.0639937 0.0183641 -0.0485952
1.3608 0.0637422 0.019178 -0.0489113
1.36704 0.063488 0.0199882 -0.04921
1.37328 0.063231 0.0207943 -0.0494913
1.37953 0.0629714 0.0215963 -0.049755
1.38577 0.0627091 0.022394 -0.0500011
1.39201 0.0624442 0.0231873 -0.0502296
1.39825 0.0621768 0.0239761 -0.0504403
1.40449 0.0619069 0.0247602 -0.0506334
1.41074 0.0616346 0.0255394 -0.0508087
1.41698 0.0613599 0.0263137 -0.0509661
1.42322 0.0610828 0.0270829 -0.0511058
1.42946 0.0608035 0.0278469 -0.0512276
1.43571 0.0605219 0.0286054 -0.0513316
1.44195 0.0602382 0.0293585 -0.0514177
1.44819 0.0599524 0.030106 -0.051486
1.45443 0.0596645 0.0308478 -0.0515364
1.46067 0.0593745 0.0315836 -0.0515691
1.46692 0.0590827 0.0323135 -0.0515839
1.47316 0.0587888 0.0330374 -0.051581
1.4794 0.0584931 0.033755 -0.0515603
1.48564 0.0581956 0.0344664 -0.0515221
1.49189 0.0578963 0.0351713 -0.0514662
1.49813 0.0575953 0.0358698 -0.0513927
1.50437 0.0572926 0.0365616 -0.0513018
1.51061 0.0569883 0.0372467 -0.0511934
1.51685 0.0566824 0.037925 -0.0510676
1.5231 0.0563751 0.0385964 -0.0509246
1.52934 0.0560663 0.0392608 -0.0507644
1.53558 0.0557561 0.039918 -0.0505871
1.54182 0.0554446 0.0405681 -0.0503928
1.54806 0.0551318 0.0412109 -0.0501817
1.55431 0.0548178 0.0418463 -0.0499537
1.56055 0.0545025 0.0424743 -0.0497091
1.56679 0.054186 0.0430948 -0.049448
1.57303 0.0538685 0.0437077 -0.0491704
1.57928 0.0535499 0.0443129 -0.0488765
1.58552 0.0532303 0.0449104 -0.0485665
1.59176 0.0529097 0.0455 -0.0482404
1.598 0.0525882 0.0460818 -0.0478985
1.60424 0.0522659 0.0466557 -0.0475408
1.61049 0.0519427 0.0472215 -0.0471676
1.61673 0.0516188 0.0477792 -0.046779
1.62297 0.0512941 0.0483289 -0.0463752
1.62921 0.0509688 0.0488703 -0.0459562
1.63546 0.0506428 0.0494035 -0.0455224
1.6417 0.0503162 0.0499285 -0.0450739
1.64794 0.0499891 0.0504451 -0.0446108
1.65418 0.0496615 0.0509533 -0.0441333
1.66042 0.0493333 0.0514531 -0.0436417
1.66667 0.0490048 0.0519444 -0.043136
1.67291 0.0486759 0.0524272 -0.0426166
1.67915 0.0483466 0.0529014 -0.0420836
1.68539 0.048017 0.0533671 -0.0415372
1.69164 0.0476872 0.0538242 -0.0409776
1.69788 0.0473571 0.0542726 -0.0404051
1.70412 0.0470269 0.0547124 -0.0398198
1.71036 0.0466965 0.0551434 -0.039222
1.7166 0.046366 0.0555658 -0.0386119
1.72285 0.0460355 0.0559794 -0.0379896
1.72909 0.0457049 0.0563843 -0.0373555
1.73533 0.0453743 0.0567803 -0.0367098
1.74157 0.0450438 0.0571676 -0.0360526
1.74782 0.0447134 0.0575461 -0.0353843
1.75406 0.044383 0.0579158 -0.0347051
1.7603 0.0440529 0.0582767 -0.0340152
1.76654 0.0437229 0.0586288 -0.0333148
1.77278 0.0433932 0.0589721 -0.0326043
1.77903 0.0430637 0.0593066 -0.0318837
1.78527 0.0427346 0.0596323 -0.0311535
1.79151 0.0424058 0.0599491 -0.0304139
1.79775 0.0420774 0.0602572 -0.029665
1.804 0.0417495 0.0605565 -0.0289072
1.81024 0.041422 0.060847 -0.0281406
1.81648 0.0410949 0.0611287 -0.0273657
1.82272 0.0407684 0.0614017 -0.0265826
1.82896 0.0404424 0.0616659 -0.0257915
1.83521 0.040117 0.0619214 -0.0249927
1.84145 0.0397922 0.0621682 -0.0241866
1.84769 0.0394681 0.0624063 -0.0233733
1.85393 0.0391446 0.0626358 -0.0225531
1.86017 0.0388218 0.0628565 -0.0217263
1.86642 0.0384998 0.0630687 -0.0208931
1.87266 0.0381785 0.0632723 -0.0200538
1.8789 0.037858 0.0634673 -0.0192087
1.88514 0.0375384 0.0636538 -0.018358
1.89139 0.0372195 0.0638318 -0.017502
1.89763 0.0369016 0.0640014 -0.016641
1.90387 0.0365846 0.0641626 -0.0157752
1.91011 0.0362685 0.0643154 -0.0149049
1.91635 0.0359533 0.0644598 -0.0140303
1.9226 0.0356392 0.064596 -0.0131517
1.92884 0.035326 0.0647239 -0.0122694
1.93508 0.0350138 0.0648435 -0.0113836
1.94132 0.0347027 0.064955 -0.0104946
1.94757 0.0343927 0.0650584 -0.00960262
1.95381 0.0340838 0.0651536 -0.00870797
1.96005 0.0337759 0.0652409 -0.00781091
1.96629 0.0334693 0.0653202 -0.00691166
1.97253 0.0331637 0.0653916 -0.00601048
1.97878 0.0328593 0.0654551 -0.00510765
1.98502 0.0325562 0.0655108 -0.00420343
1.99126 0.0322543 0.0655588 -0.00329806
1.9975 0.0319536 0.0655991 -0.00239175
2.00375 0.0316542 0.0656317 -0.00148479
2.00999 0.0313562 0.0656568 -0.000577462
2.01623 0.0310594 0.0656744 0.000330034
2.02247 0.0307639 0.0656845 0.00123745
2.02871 0.0304696 0.0656873 0.00214454
2.03496 0.0301768 0.0656827 0.00305106
2.0412 0.0298852 0.0656709 0.00395676
2.04744 0.0295951 0.065652 0.00486143
2.05368 0.0293063 0.0656258 0.00576483
2.05993 0.0290189 0.0655927 0.00666672
2.06617 0.028733 0.0655525 0.00756685
2.07241 0.0284486 0.0655054 0.008465
2.07865 0.0281656 0.0654515 0.00936095
2.08489 0.0278841 0.0653908 0.0102545
2.09114 0.0276042 0.0653234 0.0111453
2.09738 0.0273258 0.0652494 0.0120333
2.10362 0.0270489 0.0651688 0.0129182
2.10986 0.0267735 0.0650818 0.0137998
2.1161 0.0264997 0.0649884 0.0146779
2.12235 0.0262274 0.0648886 0.0155522
2.12859 0.0259566 0.0647826 0.0164227
2.13483 0.0256874 0.0646705 0.0172891
2.14107 0.0254198 0.0645522 0.018151
2.14732 0.0251538 0.0644279 0.0190085
2.15356 0.0248895 0.0642977 0.0198612
2.1598 0.0246268 0.0641617 0.0207091
2.16604 0.0243656 0.0640199 0.0215518
2.17228 0.0241062 0.0638723 0.0223892
2.17853 0.0238483 0.0637192 0.0232213
2.18477 0.0235921 0.0635605 0.0240477
2.19101 0.0233375 0.0633964 0.0248682
2.19725 0.0230846 0.0632269 0.0256828
2.2035 0.0228333 0.0630521 0.0264913
2.20974 0.0225837 0.0628721 0.0272934
2.21598 0.0223358 0.062687 0.028089
2.22222 0.0220896 0.0624969 0.028878
2.22846 0.0218451 0.0623018 0.0296602
2.23471 0.0216022 0.0621018 0.0304355
2.24095 0.0213611 0.061897 0.0312036
2.24719 0.0211217 0.0616875 0.0319645
2.25343 0.0208839 0.0614734 0.0327181
2.25968 0.0206478 0.0612547 0.0334641
2.26592 0.0204135 0.0610316 0.0342024
2.27216 0.0201808 0.0608041 0.0349331
2.2784 0.0199499 0.0605723 0.0356558
2.28464 0.0197207 0.0603362 0.0363704
2.29089 0.0194933 0.0600961 0.0370769
2.29713 0.0192676 0.0598519 0.0377751
2.30337 0.0190436 0.0596037 0.038465
2.30961 0.0188214 0.0593517 0.0391463
2.31586 0.0186009 0.0590959 0.039819
2.3221 0.0183821 0.0588364 0.040483
2.32834 0.0181651 0.0585734 0.0411382
2.33458 0.0179498 0.0583067 0.0417845
2.34082 0.0177362 0.0580367 0.0424218
2.34707 0.0175244 0.0577632 0.0430501
2.35331 0.0173143 0.0574865 0.0436692
2.35955 0.0171059 0.0572065 0.0442791
2.36579 0.0168993 0.0569234 0.0448796
2.37203 0.0166944 0.0566373 0.0454708
2.37828 0.0164913 0.0563482 0.0460524
2.38452 0.0162899 0.0560562 0.0466245
2.39076 0.0160903 0.0557614 0.0471871
2.397 0.0158923 0.0554639 0.0477399
2.40325 0.0156961 0.0551637 0.048283
2.40949 0.0155016 0.0548609 0.0488164
2.41573 0.0153087 0.0545556 0.0493399
2.42197 0.0151176 0.0542479 0.0498536
2.42821 0.0149281 0.0539379 0.0503574
2.43446 0.0147403 0.0536255 0.0508513
2.4407 0.0145543 0.053311 0.0513351
2.44694 0.0143699 0.0529944 0.051809
2.45318 0.0141872 0.0526758 0.0522728
2.45943 0.0140062 0.0523552 0.0527265
2.46567 0.0138269 0.0520327 0.0531702
2.47191 0.0136492 0.0517084 0.0536038
2.47815 0.0134732 0.0513823 0.0540271
2.48439 0.0132988 0.0510547 0.0544404
2.49064 0.0131261 0.0507255 0.0548435
2.49688 0.0129551 0.0503948 0.0552364
2.50312 0.0127857 0.0500627 0.0556192
2.50936 0.012618 0.0497292 0.0559918
2.51561 0.0124519 0.0493945 0.0563542
2.52185 0.0122875 0.0490586 0.0567064
2.52809 0.0121248 0.0487216 0.0570484
2.53433 0.0119637 0.0483836 0.0573803
2.54057 0.0118042 0.0480445 0.057702
2.54682 0.0116463 0.0477044 0.0580136
2.55306 0.01149 0.0473636 0.0583151
2.5593 0.0113352 0.0470219 0.0586065
2.56554 0.0111821 0.0466794 0.0588878
2.57179 0.0110305 0.0463363 0.059159
2.57803 0.0108805 0.0459925 0.0594203
2.58427 0.0107321 0.0456482 0.0596715
2.59051 0.0105852 0.0453034 0.0599127
2.59675 0.0104399 0.0449581 0.060144
2.603 0.0102961 0.0446125 0.0603654
2.60924 0.0101539 0.0442665 0.060577
2.61548 0.0100132 0.0439202 0.0607787
2.62172 0.00987401 0.0435736 0.0609707
2.62797 0.00973632 0.0432269 0.061153
2.63421 0.00960011 0.0428801 0.0613255
2.64045 0.00946537 0.0425332 0.0614885
2.64669 0.00933208 0.0421864 0.0616418
2.65293 0.00920026 0.0418396 0.0617856
2.65918 0.0090699 0.0414928 0.06192
2.66542 0.00894099 0.0411463 0.0620448
2.67166 0.00881352 0.0407999 0.0621604
2.6779 0.00868748 0.0404537 0.0622666
2.68414 0.00856288 0.0401079 0.0623636
2.69039 0.00843967 0.0397624 0.0624514
2.69663 0.00831786 0.0394173 0.0625302
2.70287 0.00819744 0.0390727 0.0625999
2.70911 0.00807842 0.0387286 0.0626607
2.71536 0.00796076 0.038385 0.0627126
2.7216 0.00784445 0.038042 0.0627557
2.72784 0.00772949 0.0376997 0.06279
2.73408 0.00761587 0.037358 0.0628157
2.74032 0.00750359 0.0370171 0.0628329
2.74657 0.00739262 0.036677 0.0628416
2.75281 0.00728295 0.0363376 0.0628419
2.75905 0.00717461 0.0359991 0.0628339
2.76529 0.00706758 0.0356616 0.0628177
2.77154 0.00696185 0.0353249 0.0627933
2.77778 0.0068574 0.0349892 0.0627609
2.78402 0.00675423 0.0346546 0.0627206
2.79026 0.00665232 0.034321 0.0626724
2.7965 0.00655165 0.0339885 0.0626165
2.80275 0.00645222 0.0336572 0.0625529
2.80899 0.006354 0.0333271 0.0624817
2.81523 0.00625701 0.0329982 0.0624031
2.82147 0.00616124 0.0326705 0.0623171
2.82772 0.00606668 0.0323441 0.0622238
2.83396 0.0059733 0.032019 0.0621233
2.8402 0.0058811 0.0316952 0.0620157
2.84644 0.00579009 0.0313728 0.0619011
2.85268 0.00570025 0.0310518 0.0617796
2.85893 0.00561155 0.0307323 0.0616513
2.86517 0.00552401 0.0304142 0.0615163
2.87141 0.00543762 0.0300976 0.0613748
2.87765 0.00535236 0.0297825 0.0612268
2.8839 0.00526821 0.029469 0.0610723
2.89014 0.00518516 0.029157 0.0609116
2.89638 0.00510317 0.0288466 0.0607446
2.90262 0.00502227 0.0285378 0.0605716
2.90886 0.00494244 0.0282306 0.0603926
2.91511 0.00486368 0.0279251 0.0602078
2.92135 0.00478595 0.0276213 0.0600172
2.92759 0.00470925 0.0273191 0.0598209
2.93383 0.00463356 0.0270186 0.059619
2.94007 0.00455889 0.0267198 0.0594116
2.94632 0.0044852 0.0264228 0.0591989
2.95256 0.00441248 0.0261275 0.0589809
2.9588 0.00434075 0.025834 0.0587578
2.96504 0.00426999 0.0255424 0.0585295
2.97129 0.00420022 0.0252525 0.0582964
2.97753 0.00413141 0.0249644 0.0580585
2.98377 0.00406356 0.0246782 0.0578157
2.99001 0.00399665 0.0243938 0.0575683
2.99625 0.00393068 0.0241114 0.0573164
3.0025 0.00386562 0.0238308 0.0570601
3.00874 0.00380146 0.0235522 0.0567994
3.01498 0.0037382 0.0232755 0.0565344
3.02122 0.00367585 0.0230008 0.0562654
3.02747 0.00361438 0.022728 0.0559924
3.03371 0.00355379 0.0224571 0.0557154
3.03995 0.00349406 0.0221882 0.0554347
3.04619 0.00343521 0.0219212 0.0551502
3.05243 0.00337721 0.0216563 0.054862
3.05868 0.00332004 0.0213934 0.0545704
3.06492 0.00326369 0.0211324 0.0542754
3.07116 0.00320818 0.0208735 0.0539771
3.0774 0.00315351 0.0206166 0.0536755
3.08365 0.00309965 0.0203618 0.0533709
3.08989 0.00304658 0.0201089 0.0530632
3.09613 0.00299429 0.0198581 0.0527526
3.10237 0.00294278 0.0196092 0.0524391
3.10861 0.00289202 0.0193625 0.0521229
3.11486 0.00284201 0.0191177 0.0518041
3.1211 0.00279272 0.018875 0.0514827
3.12734 0.00274417 0.0186343 0.0511588
3.13358 0.00269636 0.0183957 0.0508326
3.13983 0.00264924 0.0181591 0.0505041
3.14607 0.0026028 0.0179245 0.0501733
3.15231 0.00255705 0.0176919 0.0498405
3.15855 0.00251199 0.0174614 0.0495057
3.16479 0.00246764 0.0172329 0.049169
3.17104 0.00242395 0.0170065 0.0488304
3.17728 0.00238092 0.0167821 0.0484901
3.18352 0.00233855 0.0165597 0.0481482
3.18976 0.00229686 0.0163394 0.0478047
3.196 0.00225581 0.0161211 0.0474597
3.20225 0.00221539 0.0159049 0.0471134
3.20849 0.00217561 0.0156907 0.0467657
3.21473 0.00213648 0.0154786 0.0464168
3.22097 0.00209799 0.0152685 0.0460667
3.22722 0.00206011 0.0150604 0.0457156
3.23346 0.0020228 0.0148544 0.0453635
3.2397 0.00198608 0.0146504 0.0450106
3.24594 0.00194995 0.0144484 0.0446569
3.25218 0.00191437 0.0142484 0.0443024
3.25843 0.00187935 0.0140504 0.0439473
3.26467 0.0018449 0.0138545 0.0435916
3.27091 0.00181101 0.0136606 0.0432355
3.27715 0.00177768 0.0134687 0.0428789
3.2834 0.00174491 0.0132788 0.042522
3.28964 0.00171267 0.0130908 0.0421647
3.29588 0.00168096 0.0129049 0.0418072
3.30212 0.00164978 0.012721 0.0414496
3.30836 0.0016191 0.012539 0.0410919
3.31461 0.00158892 0.0123589 0.0407341
3.32085 0.00155924 0.0121808 0.0403764
3.32709 0.00153006 0.0120047 0.0400188
3.33333 0.00150138 0.0118304 0.0396614
3.33958 0.00147317 0.011658 0.0393041
3.34582 0.00144542 0.0114875 0.0389472
3.35206 0.00141812 0.0113189 0.0385906
3.3583 0.00139126 0.0111522 0.0382345
3.36454 0.00136482 0.0109873 0.0378787
3.37079 0.00133882 0.0108243 0.0375235
3.37703 0.00131326 0.0106632 0.0371689
3.38327 0.00128815 0.0105039 0.0368149
3.38951 0.00126348 0.0103464 0.0364616
3.39576 0.00123924 0.0101908 0.036109
3.402 0.00121543 0.010037 0.0357571
3.40824 0.00119204 0.00988502 0.0354061
3.41448 0.00116904 0.00973481 0.035056
3.42072 0.00114644 0.00958636 0.0347069
3.42697 0.00112422 0.00943968 0.0343587
3.43321 0.00110238 0.00929476 0.0340116
3.43945 0.00108092 0.00915158 0.0336656
3.44569 0.00105981 0.00901011 0.0333208
3.45194 0.00103908 0.00887035 0.0329771
3.45818 0.00101872 0.00873231 0.0326346
3.46442 0.000998713 0.00859599 0.0322934
3.47066 0.000979056 0.00846137 0.0319535
3.4769 0.000959739 0.00832839 0.0316149
3.48315 0.000940764 0.00819705 0.0312776
3.48939 0.000922129 0.00806739 0.0309418
3.49563 0.000903817 0.00793937 0.0306075
3.50187 0.000885819 0.00781296 0.0302747
3.50811 0.000868138 0.00768814 0.0299434
3.51436 0.000850785 0.00756493 0.0296138
3.5206 0.000833758 0.00744333 0.0292857
3.52684 0.000817041 0.00732333 0.0289594
3.53308 0.000800619 0.00720489 0.0286346
3.53933 0.000784488 0.00708799 0.0283116
3.54557 0.000768653 0.00697263 0.0279903
3.55181 0.00075311 0.0068588 0.0276708
3.55805 0.000737845 0.00674647 0.027353
3.56429 0.000722851 0.00663563 0.0270372
3.57054 0.00070813 0.00652628 0.0267231
3.57678 0.000693687 0.00641842 0.026411
3.58302 0.000679512 0.00631205 0.0261008
3.58926 0.000665591 0.00620714 0.0257925
3.59551 0.000651919 0.00610367 0.0254862
3.60175 0.000638503 0.00600163 0.0251818
3.60799 0.000625351 0.00590101 0.0248795
3.61423 0.000612457 0.0058018 0.0245791
3.62047 0.000599808 0.00570399 0.0242808
3.62672 0.000587396 0.00560753 0.0239846
3.63296 0.000575223 0.00551243 0.0236904
3.6392 0.000563284 0.00541867 0.0233983
3.64544 0.000551561 0.00532622 0.0231083
3.65169 0.000540044 0.00523506 0.0228204
3.65793 0.000528735 0.00514518 0.0225347
3.66417 0.000517644 0.00505661 0.0222511
3.67041 0.000506766 0.00496934 0.0219696
3.67665 0.000496084 0.00488334 0.0216904
3.6829 0.000485596 0.00479858 0.0214133
3.68914 0.000475317 0.00471509 0.0211384
3.69538 0.000465259 0.00463285 0.0208657
3.70162 0.000455418 0.00455182 0.0205951
3.70787 0.000445776 0.00447195 0.0203267
3.71411 0.00043632 0.00439324 0.0200605
3.72035 0.000427048 0.00431571 0.0197966
3.72659 0.000417955 0.00423934 0.0195348
3.73283 0.000409029 0.0041641 0.0192752
3.73908 0.000400261 0.00408997 0.0190178
3.74532 0.000391649 0.00401693 0.0187627
3.75156 0.000383196 0.00394501 0.0185098
3.7578 0.000374901 0.00387419 0.0182591
3.76404 0.00036676 0.00380444 0.0180107
3.77029 0.000358774 0.00373574 0.0177645
3.77653 0.00035095 0.00366807 0.0175206
3.78277 0.000343294 0.00360145 0.017279
3.78901 0.000335799 0.00353587 0.0170396
3.79526 0.000328455 0.00347129 0.0168025
3.8015 0.000321252 0.00340771 0.0165677
3.80774 0.000314188 0.00334514 0.0163351
3.81398 0.000307259 0.00328358 0.0161049
3.82022 0.000300468 0.00322299 0.0158769
3.82647 0.000293822 0.00316337 0.0156512
3.83271 0.000287331 0.00310469 0.0154277
3.83895 0.000280996 0.00304696 0.0152065
3.84519 0.000274803 0.00299018 0.0149875
3.85144 0.000268734 0.00293432 0.0147708
3.85768 0.000262778 0.00287937 0.0145563
3.86392 0.000256936 0.00282534 0.0143441
3.87016 0.00025121 0.00277217 0.014134
3.8764 0.000245603 0.00271984 0.0139262
3.88265 0.000240108 0.00266834 0.0137206
3.88889 0.000234716 0.00261769 0.0135171
3.89513 0.000229423 0.00256787 0.0133159
3.90137 0.00022423 0.00251887 0.0131169
3.90762 0.000219146 0.00247069 0.0129201
3.91386 0.000214178 0.00242333 0.0127254
3.9201 0.000209319 0.00237678 0.012533
3.92634 0.000204564 0.00233102 0.0123428
3.93258 0.000199915 0.00228603 0.0121547
3.93883 0.000195382 0.0022418 0.0119688
3.94507 0.000190959 0.00219834 0.011785
3.95131 0.000186628 0.00215562 0.0116033
3.95755 0.000182375 0.00211363 0.0114237
3.9638 0.000178205 0.00207236 0.0112462
3.97004 0.000174132 0.00203178 0.0110708
3.97628 0.000170156 0.00199189 0.0108975
3.98252 0.00016626 0.00195267 0.0107262
3.98876 0.00016243 0.00191412 0.010557
3.99501 0.000158673 0.00187624 0.0103898
4.00125 0.000154997 0.001839 0.0102247
4.00749 0.000151395 0.0018024 0.0100615
4.01373 0.000147845 0.00176643 0.00990036
4.01998 0.000144342 0.00173109 0.00974118
4.02622 0.000140903 0.00169636 0.00958396
4.03246 0.000137551 0.00166223 0.00942866
4.0387 0.000134293 0.00162868 0.00927528
4.04494 0.000131117 0.00159573 0.00912385
4.05119 0.000128009 0.00156336 0.00897434
4.05743 0.000124971 0.00153158 0.00882674
4.06367 0.000122001 0.00150038 0.00868103
4.06991 0.000119091 0.00146975 0.00853723
4.07615 0.000116231 0.00143969 0.00839534
4.0824 0.000113423 0.00141018 0.00825531
4.08864 0.00011068 0.00138122 0.0081171
4.09488 0.00010801 0.00135279 0.00798071
4.10112 0.000105402 0.00132489 0.00784614
4.10737 0.000102847 0.00129749 0.00771338
4.11361 0.000100346 0.00127057 0.00758238
4.11985 9.79081e-005 0.00124415 0.00745312
4.12609 9.55315e-005 0.00121824 0.00732561
4.13233 9.32045e-005 0.00119281 0.00719986
4.13858 9.09279e-005 0.00116786 0.00707584
4.14482 8.872e-005 0.00114338 0.00695354
4.15106 8.65943e-005 0.00111938 0.00683294
4.1573 8.45386e-005 0.00109584 0.00671405
4.16355 8.25278e-005 0.00107273 0.00659685
4.16979 8.05518e-005 0.00105003 0.0064813
4.17603 7.86181e-005 0.00102774 0.0063674
4.18227 7.67268e-005 0.00100589 0.00625513
4.18851 7.48604e-005 0.000984449 0.00614448
4.19476 7.30072e-005 0.000963409 0.00603543
4.201 7.11844e-005 0.00094277 0.00592797
4.20724 6.94238e-005 0.000922547 0.00582206
4.21348 6.77364e-005 0.000902736 0.00571769
4.21973 6.61056e-005 0.000883318 0.00561484
4.22597 6.45152e-005 0.000864278 0.00551348
4.23221 6.2969e-005 0.000845622 0.00541358
4.23845 6.14757e-005 0.000827356 0.00531513
4.24469 6.00249e-005 0.000809465 0.00521812
4.25094 5.85942e-005 0.000791929 0.00512254
4.25718 5.71756e-005 0.000774744 0.0050284
4.26342 5.57829e-005 0.000757911 0.00493565
4.26966 5.44288e-005 0.000741416 0.00484428
4.27591 5.31069e-005 0.000725226 0.00475429
4.28215 5.18035e-005 0.000709313 0.00466569
4.28839 5.05185e-005 0.00069368 0.00457844
4.29463 4.92625e-005 0.000678348 0.00449252
4.30087 4.80359e-005 0.000663321 0.0044079
4.30712 4.68235e-005 0.000648582 0.00432459
4.31336 4.56139e-005 0.000634116 0.00424257
4.3196 4.44146e-005 0.000619926 0.00416182
4.32584 4.32412e-005 0.00060602 0.00408232
4.33208 4.20979e-005 0.000592389 0.00400403
4.33833 4.09784e-005 0.000579014 0.00392696
4.34457 3.98846e-005 0.000565888 0.0038511
4.35081 3.88311e-005 0.000553029 0.00377643
4.35705 3.78284e-005 0.000540453 0.00370291
4.3633 3.68686e-005 0.000528152 0.00363054
4.36954 3.59366e-005 0.000516105 0.0035593
4.37578 3.50302e-005 0.000504303 0.00348917
4.38202 3.41598e-005 0.000492748 0.00342016
4.38826 3.3328e-005 0.00048144 0.00335224
4.39451 3.25184e-005 0.000470363 0.00328542
4.40075 3.17089e-005 0.000459501 0.00321967
4.40699 3.08906e-005 0.000448857 0.00315497
4.41323 3.00702e-005 0.000438445 0.00309134
4.41948 2.92572e-005 0.000428262 0.00302876
4.42572 2.84583e-005 0.000418289 0.0029672
4.43196 2.76812e-005 0.000408512 0.00290662
4.4382 2.69354e-005 0.000398933 0.002847
4.44444 2.62246e-005 0.00038955 0.00278835
4.45069 2.55424e-005 0.000380344 0.00273067
4.45693 2.48796e-005 0.000371295 0.0026739
4.46317 2.42333e-005 0.000362413 0.00261804
4.46941 2.36041e-005 0.000353722 0.00256309
4.47566 2.29886e-005 0.000345229 0.00250906
4.4819 2.23812e-005 0.000336918 0.0024559
4.48814 2.17822e-005 0.000328777 0.00240358
4.49438 2.11982e-005 0.000320814 0.00235213
4.50062 2.06317e-005 0.000313031 0.00230155
4.50687 2.00772e-005 0.000305412 0.00225183
4.51311 1.95315e-005 0.000297938 0.00220294
4.51935 1.90009e-005 0.000290611 0.00215488
4.52559 1.84927e-005 0.000283438 0.00210765
4.53184 1.8001e-005 0.000276412 0.00206121
4.53808 1.75093e-005 0.000269517 0.00201552
4.54432 1.70102e-005 0.000262747 0.00197057
4.55056 1.6515e-005 0.000256108 0.00192638
4.5568 1.60418e-005 0.000249597 0.00188295
4.56305 1.55967e-005 0.000243207 0.00184023
4.56929 1.51709e-005 0.000236945 0.0017982
4.57553 1.47536e-005 0.000230829 0.00175689
4.58177 1.4342e-005 0.000224863 0.00171629
4.58801 1.39386e-005 0.000219027 0.00167637
4.59426 1.35434e-005 0.000213309 0.0016371
4.6005 1.31532e-005 0.000207714 0.00159848
4.60674 1.27669e-005 0.000202244 0.00156053
4.61298 1.23891e-005 0.000196885 0.00152322
4.61923 1.20256e-005 0.000191621 0.0014865
4.62547 1.16773e-005 0.000186461 0.00145036
4.63171 1.13409e-005 0.000181422 0.00141483
4.63795 1.10155e-005 0.000176507 0.00137988
4.64419 1.07062e-005 0.000171698 0.00134549
4.65044 1.0418e-005 0.000166984 0.00131163
4.65668 1.01461e-005 0.000162374 0.00127831
4.66292 9.87665e-006 0.000157871 0.00124552
4.66916 9.59747e-006 0.00015346 0.00121325
4.67541 9.30697e-006 0.000149121 0.00118146
4.68165 9.01012e-006 0.000144851 0.00115014
4.68789 8.70879e-006 0.000140663 0.00111932
4.69413 8.40121e-006 0.000136556 0.00108898
4.70037 8.09081e-006 0.000132514 0.0010591
4.70662 7.7894e-006 0.000128528 0.00102967
4.71286 7.50683e-006 0.000124607 0.00100068
4.7191 7.24027e-006 0.000120762 0.000972125
4.72534 6.97884e-006 0.000116991 0.00094397
4.73159 6.71869e-006 0.000113286 0.000916201
4.73783 6.4681e-006 0.000109649 0.000888819
4.74407 6.23567e-006 0.000106091 0.000861823
4.75031 6.01783e-006 0.00010261 0.000835196
4.75655 5.80286e-006 9.91955e-005 0.000808931
4.7628 5.58535e-006 9.58362e-005 0.000783042
4.76904 5.37161e-006 9.25332e-005 0.000757539
4.77528 5.16963e-006 8.92928e-005 0.000732406
4.78152 4.97802e-006 8.61151e-005 0.00070762
4.78777 4.78872e-006 8.29937e-005 0.00068318
4.79401 4.59847e-006 7.99246e-005 0.000659094
4.80025 4.41249e-006 7.69125e-005 0.000635344
4.80649 4.23508e-006 7.39639e-005 0.000611893
4.81273 4.06018e-006 7.10747e-005 0.000588719
4.81898 3.87628e-006 6.82294e-005 0.000565825
4.82522 3.68107e-006 6.5416e-005 0.00054321
4.83146 3.48788e-006 6.26385e-005 0.000520858
4.8377 3.31496e-006 5.9907e-005 0.000498749
4.84395 3.16927e-006 5.72174e-005 0.000476879
4.85019 3.04249e-006 5.45506e-005 0.000455247
4.85643 2.92053e-006 5.18984e-005 0.000433842
4.86267 2.79275e-006 4.92812e-005 0.000412644
4.86891 2.65231e-006 4.67277e-005 0.00039164
4.87516 2.4947e-006 4.42409e-005 0.000370824
4.8814 2.32253e-006 4.1796e-005 0.000350196
4.88764 2.15019e-006 3.93713e-005 0.000329748
4.89388 1.99681e-006 3.69684e-005 0.000309471
4.90012 1.87095e-006 3.45951e-005 0.000289359
4.90637 1.76493e-006 3.22427e-005 0.000269408
4.91261 1.66593e-006 2.98937e-005 0.000249614
4.91885 1.56928e-006 2.75477e-005 0.000229959
4.92509 1.47669e-006 2.52241e-005 0.000210419
4.93134 1.38409e-006 2.29348e-005 0.000190971
4.93758 1.27867e-006 2.06642e-005 0.000171611
4.94382 1.15119e-006 1.83837e-005 0.000152335
4.95006 1.00687e-006 1.60832e-005 0.000133128
4.9563 8.58984e-007 1.37782e-005 0.000113975
4.96255 7.1319e-007 1.14855e-005 9.48762e-005
4.96879 5.63946e-007 9.20125e-006 7.58364e-005
4.97503 4.07883e-007 6.90941e-006 5.6845e-005
4.98127 2.54728e-007 4.60527e-006 3.78828e-005
4.98752 -1.18686e-007 -2.29962e-006 -1.89368e-005
