Evalues 2.2301 4.13515 6.09376
0.0199336 2.13276e-006 4.24676e-006 6.30735e-006
0.0398671 8.69429e-006 1.72992e-005 2.56732e-005
0.0598007 1.99237e-005 3.95932e-005 5.86837e-005
0.0797342 3.60515e-005 7.15185e-005 0.000105813
0.0996678 5.72987e-005 0.000113416 0.000167415
0.119601 8.38756e-005 0.000165571 0.000243721
0.139535 0.000115981 0.000228217 0.000334827
0.159468 0.000153802 0.000301525 0.000440699
0.179402 0.000197512 0.000385607 0.000561166
0.199336 0.000247269 0.000480512 0.000695916
0.219269 0.000303219 0.000586223 0.000844501
0.239203 0.000365489 0.000702659 0.00100634
0.259136 0.000434192 0.000829672 0.00118071
0.27907 0.000509424 0.000967045 0.00136676
0.299003 0.000591262 0.0011145 0.00156353
0.318937 0.000679765 0.00127168 0.00176991
0.33887 0.000774975 0.00143819 0.00198472
0.358804 0.000876915 0.00161353 0.00220664
0.378738 0.000985586 0.00179718 0.00243429
0.398671 0.00110097 0.00198852 0.00266618
0.418605 0.00122304 0.00218692 0.00290078
0.438538 0.00135173 0.00239165 0.0031365
0.458472 0.00148696 0.00260196 0.00337168
0.478405 0.00162865 0.00281704 0.00360466
0.498339 0.00177667 0.00303604 0.00383375
0.518272 0.00193089 0.00325806 0.00405728
0.538206 0.00209115 0.0034822 0.00427357
0.55814 0.00225729 0.00370749 0.00448099
0.578073 0.0024291 0.00393296 0.00467794
0.598007 0.00260639 0.00415763 0.00486289
0.61794 0.00278891 0.00438048 0.00503438
0.637874 0.00297643 0.00460051 0.00519103
0.657807 0.00316868 0.0048167 0.00533157
0.677741 0.00336538 0.00502804 0.00545482
0.697674 0.00356625 0.00523355 0.00555977
0.717608 0.00377096 0.00543223 0.00564548
0.737542 0.00397922 0.00562313 0.00571121
0.757475 0.00419067 0.00580532 0.00575632
0.777409 0.00440498 0.0059779 0.00578037
0.797342 0.00462179 0.00614001 0.00578306
0.817276 0.00484074 0.00629084 0.00576425
0.837209 0.00506145 0.00642963 0.00572398
0.857143 0.00528355 0.00655565 0.00566246
0.877076 0.00550664 0.00666825 0.00558006
0.89701 0.00573034 0.00676684 0.00547733
0.916944 0.00595424 0.00685089 0.00535497
0.936877 0.00617796 0.00691995 0.00521385
0.956811 0.00640109 0.00697361 0.00505498
0.976744 0.00662323 0.00701158 0.00487952
0.996678 0.00684398 0.00703361 0.00468879
1.01661 0.00706294 0.00703954 0.00448419
1.03654 0.00727972 0.00702929 0.00426727
1.05648 0.00749392 0.00700285 0.00403968
1.07641 0.00770516 0.00696032 0.00380315
1.09635 0.00791306 0.00690184 0.00355948
1.11628 0.00811724 0.00682766 0.00331056
1.13621 0.00831735 0.00673808 0.00305828
1.15615 0.00851302 0.00663351 0.00280461
1.17608 0.00870392 0.00651441 0.0025515
1.19601 0.0088897 0.00638132 0.00230092
1.21595 0.00907004 0.00623485 0.00205481
1.23588 0.00924464 0.00607568 0.00181509
1.25581 0.0094132 0.00590454 0.00158362
1.27575 0.00957544 0.00572224 0.0013622
1.29568 0.00973109 0.00552963 0.00115256
1.31561 0.0098799 0.00532761 0.000956338
1.33555 0.0100216 0.00511713 0.000775053
1.35548 0.0101561 0.00489919 0.000610122
1.37542 0.010283 0.00467481 0.000462828
1.39535 0.0104023 0.00444505 0.00033432
1.41528 0.0105137 0.00421099 0.000225596
1.43522 0.0106171 0.00397374 0.000137502
1.45515 0.0107124 0.00373442 7.07225e-005
1.47508 0.0107995 0.00349414 2.57749e-005
1.49502 0.0108782 0.00325404 3.00783e-006
1.51495 0.0109485 0.00301525 2.59738e-006
1.53488 0.0110104 0.00277887 2.45468e-005
1.55482 0.0110637 0.00254602 6.86868e-005
1.57475 0.0111085 0.00231778 0.000134678
1.59468 0.0111448 0.00209521 0.000222012
1.61462 0.0111726 0.00187934 0.000330021
1.63455 0.0111918 0.00167117 0.000457878
1.65449 0.0112027 0.00147165 0.000604606
1.67442 0.0112051 0.0012817 0.000769089
1.69435 0.0111993 0.00110219 0.000950078
1.71429 0.0111852 0.000933936 0.0011462
1.73422 0.0111631 0.0007777 0.00135598
1.75415 0.011133 0.000634188 0.00157783
1.77409 0.011095 0.000504044 0.00181009
1.79402 0.0110494 0.000387851 0.00205102
1.81395 0.0109963 0.000286125 0.00229883
1.83389 0.0109358 0.000199317 0.00255168
1.85382 0.0108682 0.000127809 0.00280769
1.87375 0.0107937 7.19155e-005 0.00306498
1.89369 0.0107124 3.18789e-005 0.00332167
1.91362 0.0106245 7.87312e-006 0.00357588
1.93355 0.0105304 1.39397e-009 0.00382576
1.95349 0.0104302 8.29751e-006 0.00406951
1.97342 0.0103242 3.27263e-005 0.00430539
1.99336 0.0102127 7.31846e-005 0.0045317
2.01329 0.0100958 0.000129503 0.00474684
2.03322 0.00997378 0.000201447 0.0049493
2.05316 0.00984699 0.00028872 0.00513766
2.07309 0.00971566 0.000390964 0.00531062
2.09302 0.00958004 0.000507762 0.00546701
2.11296 0.00944041 0.000638644 0.00560575
2.13289 0.00929704 0.000783087 0.00572594
2.15282 0.00915018 0.000940517 0.00582678
2.17276 0.00900012 0.00111031 0.00590764
2.19269 0.00884712 0.00129182 0.00596803
2.21262 0.00869145 0.00148433 0.0060076
2.23256 0.00853336 0.00168712 0.00602615
2.25249 0.00837312 0.00189941 0.00602365
2.27243 0.00821099 0.00212041 0.0060002
2.29236 0.00804722 0.0023493 0.00595606
2.31229 0.00788206 0.00258525 0.0058916
2.33223 0.00771575 0.0028274 0.00580738
2.35216 0.00754854 0.00307489 0.00570406
2.37209 0.00738066 0.00332685 0.00558243
2.39203 0.00721234 0.00358239 0.00544341
2.41196 0.0070438 0.00384064 0.00528802
2.43189 0.00687525 0.00410074 0.00511741
2.45183 0.00670691 0.0043618 0.00493279
2.47176 0.00653897 0.00462298 0.00473549
2.49169 0.00637164 0.00488343 0.00452688
2.51163 0.00620509 0.00514232 0.00430843
2.53156 0.0060395 0.00539885 0.00408165
2.5515 0.00587506 0.00565224 0.00384809
2.57143 0.00571191 0.00590172 0.00360932
2.59136 0.00555022 0.00614657 0.00336698
2.6113 0.00539013 0.00638608 0.00312266
2.63123 0.00523178 0.00661958 0.00287799
2.65116 0.0050753 0.00684645 0.00263458
2.6711 0.00492082 0.00706607 0.00239401
2.69103 0.00476845 0.00727789 0.00215784
2.71096 0.0046183 0.00748138 0.00192759
2.7309 0.00447046 0.00767605 0.00170473
2.75083 0.00432503 0.00786146 0.00149065
2.77076 0.00418209 0.00803721 0.0012867
2.7907 0.00404172 0.00820292 0.00109415
2.81063 0.00390398 0.00835828 0.000914184
2.83056 0.00376893 0.00850301 0.000747902
2.8505 0.00363663 0.00863686 0.000596313
2.87043 0.00350713 0.00875963 0.000460327
2.89037 0.00338046 0.00887117 0.000340754
2.9103 0.00325666 0.00897135 0.0002383
2.93023 0.00313576 0.0090601 0.000153565
2.95017 0.00301777 0.00913736 8.70403e-005
2.9701 0.00290272 0.00920315 3.91085e-005
2.99003 0.00279061 0.00925748 1.00425e-005
3.00997 0.00268144 0.00930042 6.38012e-009
3.0299 0.00257522 0.00933207 9.05623e-006
3.04983 0.00247194 0.00935257 3.71422e-005
3.06977 0.00237158 0.00936206 8.41108e-005
3.0897 0.00227414 0.00936074 0.000149708
3.10963 0.00217959 0.00934882 0.000233582
3.12957 0.00208791 0.00932655 0.000335288
3.1495 0.00199907 0.00929419 0.000454294
3.16944 0.00191305 0.00925202 0.000589983
3.18937 0.00182981 0.00920035 0.000741659
3.2093 0.0017493 0.00913951 0.000908554
3.22924 0.0016715 0.00906983 0.00108983
3.24917 0.00159637 0.00899168 0.0012846
3.2691 0.00152384 0.00890541 0.00149191
3.28904 0.00145389 0.0088114 0.00171076
3.30897 0.00138646 0.00871005 0.00194012
3.3289 0.0013215 0.00860175 0.0021789
3.34884 0.00125896 0.0084869 0.00242601
3.36877 0.00119879 0.0083659 0.00268033
3.3887 0.00114093 0.00823916 0.00294071
3.40864 0.00108533 0.0081071 0.00320601
3.42857 0.00103194 0.00797011 0.00347509
3.4485 0.000980685 0.00782861 0.00374679
3.46844 0.000931524 0.007683 0.00401998
3.48837 0.000884396 0.00753369 0.00429353
3.50831 0.000839243 0.00738106 0.00456636
3.52824 0.000796008 0.0072255 0.00483739
3.54817 0.000754634 0.0070674 0.00510556
3.56811 0.000715064 0.00690713 0.00536988
3.58804 0.000677241 0.00674506 0.00562936
3.60797 0.00064111 0.00658152 0.00588309
3.62791 0.000606613 0.00641688 0.00613018
3.64784 0.000573697 0.00625146 0.00636979
3.66777 0.000542306 0.00608558 0.00660114
3.68771 0.000512387 0.00591955 0.0068235
3.70764 0.000483887 0.00575366 0.0070362
3.72757 0.000456754 0.00558819 0.00723862
3.74751 0.000430936 0.00542342 0.00743019
3.76744 0.000406384 0.0052596 0.00761042
3.78738 0.000383049 0.00509697 0.00777886
3.80731 0.000360882 0.00493575 0.00793514
3.82724 0.000339836 0.00477617 0.00807891
3.84718 0.000319866 0.00461842 0.00820992
3.86711 0.000300928 0.00446269 0.00832796
3.88704 0.000282976 0.00430914 0.00843288
3.90698 0.00026597 0.00415795 0.00852457
3.92691 0.000249869 0.00400925 0.00860299
3.94684 0.000234631 0.00386318 0.00866815
3.96678 0.000220219 0.00371986 0.00872011
3.98671 0.000206595 0.0035794 0.00875896
4.00664 0.000193724 0.00344188 0.00878487
4.02658 0.000181569 0.00330741 0.00879802
4.04651 0.000170096 0.00317604 0.00879864
4.06645 0.000159275 0.00304784 0.00878701
4.08638 0.000149072 0.00292286 0.00876343
4.10631 0.000139457 0.00280115 0.00872824
4.12625 0.000130402 0.00268273 0.00868181
4.14618 0.000121878 0.00256762 0.00862453
4.16611 0.000113858 0.00245585 0.00855683
4.18605 0.000106316 0.00234741 0.00847913
4.20598 9.92274e-005 0.0022423 0.0083919
4.22591 9.25685e-005 0.00214051 0.00829562
4.24585 8.63163e-005 0.00204203 0.00819077
4.26578 8.04489e-005 0.00194682 0.00807785
4.28571 7.49456e-005 0.00185487 0.00795736
4.30565 6.97862e-005 0.00176614 0.00782982
4.32558 6.49519e-005 0.00168058 0.00769574
4.34551 6.04243e-005 0.00159816 0.00755563
4.36545 5.61862e-005 0.00151882 0.00741001
4.38538 5.22211e-005 0.0014425 0.0072594
4.40532 4.85132e-005 0.00136916 0.00710429
4.42525 4.50476e-005 0.00129873 0.00694519
4.44518 4.18101e-005 0.00123116 0.00678259
4.46512 3.87872e-005 0.00116637 0.00661697
4.48505 3.5966e-005 0.00110429 0.0064488
4.50498 3.33344e-005 0.00104487 0.00627854
4.52492 3.0881e-005 0.00098803 0.00610663
4.54485 2.85946e-005 0.000933697 0.00593349
4.56478 2.64651e-005 0.0008818 0.00575955
4.58472 2.44827e-005 0.000832268 0.00558519
4.60465 2.2638e-005 0.000785026 0.00541081
4.62458 2.09224e-005 0.000740002 0.00523675
4.64452 1.93277e-005 0.000697122 0.00506336
4.66445 1.78459e-005 0.000656314 0.00489098
4.68439 1.64699e-005 0.000617504 0.0047199
4.70432 1.51926e-005 0.000580621 0.00455041
4.72425 1.40077e-005 0.000545594 0.00438278
4.74419 1.29088e-005 0.000512352 0.00421727
4.76412 1.18903e-005 0.000480826 0.0040541
4.78405 1.09468e-005 0.000450947 0.00389348
4.80399 1.00731e-005 0.00042265 0.00373562
4.82392 9.2645e-006 0.000395869 0.00358069
4.84385 8.5165e-006 0.000370539 0.00342885
4.86379 7.82488e-006 0.000346598 0.00328024
4.88372 7.1857e-006 0.000323984 0.00313499
4.90365 6.59528e-006 0.000302639 0.00299321
4.92359 6.05015e-006 0.000282504 0.00285499
4.94352 5.54709e-006 0.000263524 0.00272041
4.96346 5.08306e-006 0.000245644 0.00258954
4.98339 4.65526e-006 0.00022881 0.00246244
5.00332 4.26104e-006 0.000212973 0.00233913
5.02326 3.89794e-006 0.000198083 0.00221965
5.04319 3.56366e-006 0.000184092 0.00210401
5.06312 3.25607e-006 0.000170955 0.00199222
5.08306 2.97317e-006 0.000158627 0.00188427
5.10299 2.7131e-006 0.000147066 0.00178015
5.12292 2.47414e-006 0.000136232 0.00167982
5.14286 2.25469e-006 0.000126085 0.00158327
5.16279 2.05324e-006 0.000116588 0.00149044
5.18272 1.86841e-006 0.000107705 0.00140129
5.20266 1.69891e-006 9.94022e-005 0.00131577
5.22259 1.54356e-006 9.16461e-005 0.00123382
5.24252 1.40123e-006 8.4406e-005 0.00115537
5.26246 1.2709e-006 7.76518e-005 0.00108036
5.28239 1.15163e-006 7.13554e-005 0.00100871
5.30233 1.04252e-006 6.54896e-005 0.000940351
5.32226 9.42766e-007 6.00289e-005 0.000875198
5.34219 8.51613e-007 5.49488e-005 0.000813172
5.36213 7.68363e-007 5.02263e-005 0.000754189
5.38206 6.92372e-007 4.58393e-005 0.000698166
5.40199 6.23048e-007 4.17672e-005 0.000645015
5.42193 5.59841e-007 3.79903e-005 0.000594651
5.44186 5.02246e-007 3.449e-005 0.000546986
5.46179 4.49798e-007 3.12489e-005 0.000501933
5.48173 4.02068e-007 2.82504e-005 0.000459407
5.50166 3.58662e-007 2.54789e-005 0.000419322
5.52159 3.19217e-007 2.29198e-005 0.000381591
5.54153 2.83399e-007 2.05594e-005 0.000346133
5.56146 2.50904e-007 1.83847e-005 0.000312864
5.5814 2.21449e-007 1.63835e-005 0.000281705
5.60133 1.94779e-007 1.45446e-005 0.000252577
5.62126 1.70658e-007 1.28574e-005 0.000225404
5.6412 1.4887e-007 1.13119e-005 0.000200112
5.66113 1.2922e-007 9.89886e-006 0.000176628
5.68106 1.11527e-007 8.60982e-006 0.000154885
5.701 9.563e-008 7.43677e-006 0.000134817
5.72093 8.13793e-008 6.37235e-006 0.00011636
5.74086 6.86412e-008 5.40979e-006 9.94545e-005
5.7608 5.72944e-008 4.54283e-006 8.40438e-005
5.78073 4.72297e-008 3.76577e-006 7.00745e-005
5.80066 3.8349e-008 3.07341e-006 5.74966e-005
5.8206 3.0565e-008 2.46104e-006 4.6264e-005
5.84053 2.38003e-008 1.92442e-006 3.63338e-005
5.86047 1.79868e-008 1.45978e-006 2.76675e-005
5.8804 1.30655e-008 1.06381e-006 2.02301e-005
5.90033 8.98566e-009 7.33637e-007 1.3991e-005
5.92027 5.70498e-009 4.66837e-007 8.92361e-006
5.9402 3.18898e-009 2.61413e-007 5.00597e-006
5.96013 1.41094e-009 1.15805e-007 2.22051e-006
5.98007 3.51772e-010 2.88942e-008 5.54464e-007
