Evalues 0.137722 0.244214 0.391658
0.0498753 2.16638e-009 2.83372e-008 1.46014e-007
0.0997506 9.10004e-009 1.19002e-007 6.12967e-007
0.149626 2.14887e-008 2.80889e-007 1.44598e-006
0.199501 4.00693e-008 5.23456e-007 2.69246e-006
0.249377 6.56299e-008 8.56729e-007 4.40211e-006
0.299252 9.90117e-008 1.29132e-006 6.62677e-006
0.349127 1.41111e-007 1.83842e-006 9.42043e-006
0.399002 1.9288e-007 2.50981e-006 1.28391e-005
0.448878 2.5533e-007 3.3179e-006 1.69408e-005
0.498753 3.29533e-007 4.27568e-006 2.17853e-005
0.548628 4.16625e-007 5.39674e-006 2.7434e-005
0.598504 5.17803e-007 6.6953e-006 3.39502e-005
0.648379 6.34332e-007 8.18617e-006 4.13982e-005
0.698254 7.67546e-007 9.8848e-006 4.9844e-005
0.74813 9.18849e-007 1.18072e-005 5.93545e-005
0.798005 1.08971e-006 1.397e-005 6.99976e-005
0.84788 1.28169e-006 1.63905e-005 8.1842e-005
0.897756 1.4964e-006 1.90865e-005 9.49569e-005
0.947631 1.73555e-006 2.20764e-005 0.000109412
0.997506 2.00092e-006 2.53792e-005 0.000125277
1.04738 2.29437e-006 2.90144e-005 0.000142622
1.09726 2.61785e-006 3.30022e-005 0.000161516
1.14713 2.97338e-006 3.73631e-005 0.000182028
1.19701 3.36308e-006 4.21184e-005 0.000204226
1.24688 3.78916e-006 4.72896e-005 0.000228178
1.29676 4.2539e-006 5.28989e-005 0.000253949
1.34663 4.75969e-006 5.89688e-005 0.000281603
1.39651 5.309e-006 6.55225e-005 0.000311202
1.44638 5.90441e-006 7.25832e-005 0.000342808
1.49626 6.54858e-006 8.01749e-005 0.000376478
1.54613 7.24428e-006 8.83217e-005 0.000412268
1.59601 7.99435e-006 9.7048e-005 0.00045023
1.64589 8.80177e-006 0.000106379 0.000490413
1.69576 9.66959e-006 0.000116339 0.000532863
1.74564 1.0601e-005 0.000126953 0.000577622
1.79551 1.15992e-005 0.000138248 0.000624728
1.84539 1.26676e-005 0.000150249 0.000674215
1.89526 1.38097e-005 0.00016298 0.000726112
1.94514 1.5029e-005 0.000176469 0.000780443
1.99501 1.63292e-005 0.000190741 0.000837229
2.04489 1.77142e-005 0.000205821 0.000896482
2.09476 1.91878e-005 0.000221735 0.000958212
2.14464 2.0754e-005 0.000238509 0.00102242
2.19451 2.24169e-005 0.000256168 0.00108911
2.24439 2.41808e-005 0.000274738 0.00115826
2.29426 2.60499e-005 0.000294243 0.00122986
2.34414 2.80288e-005 0.000314707 0.0013039
2.39401 3.01219e-005 0.000336155 0.00138033
2.44389 3.23339e-005 0.000358611 0.00145913
2.49377 3.46696e-005 0.000382098 0.00154025
2.54364 3.71339e-005 0.000406638 0.00162364
2.59352 3.97317e-005 0.000432254 0.00170925
2.64339 4.2468e-005 0.000458967 0.00179701
2.69327 4.53482e-005 0.000486797 0.00188686
2.74314 4.83774e-005 0.000515766 0.0019787
2.79302 5.1561e-005 0.000545891 0.00207247
2.84289 5.49047e-005 0.000577191 0.00216805
2.89277 5.84138e-005 0.000609684 0.00226536
2.94264 6.20943e-005 0.000643384 0.00236429
2.99252 6.59517e-005 0.000678309 0.00246472
3.04239 6.99921e-005 0.000714471 0.00256653
3.09227 7.42214e-005 0.000751884 0.00266959
3.14214 7.86456e-005 0.000790558 0.00277377
3.19202 8.3271e-005 0.000830505 0.00287892
3.2419 8.81038e-005 0.000871733 0.00298491
3.29177 9.31503e-005 0.00091425 0.00309157
3.34165 9.8417e-005 0.000958061 0.00319874
3.39152 0.00010391 0.00100317 0.00330626
3.4414 0.000109637 0.00104958 0.00341396
3.49127 0.000115603 0.0010973 0.00352166
3.54115 0.000121816 0.00114632 0.00362918
3.59102 0.000128282 0.00119664 0.00373634
3.6409 0.000135009 0.00124826 0.00384295
3.69077 0.000142002 0.00130116 0.00394882
3.74065 0.00014927 0.00135536 0.00405375
3.79052 0.000156819 0.00141082 0.00415755
3.8404 0.000164655 0.00146755 0.00426001
3.89027 0.000172787 0.00152553 0.00436093
3.94015 0.000181222 0.00158474 0.00446012
3.99002 0.000189966 0.00164517 0.00455736
4.0399 0.000199027 0.0017068 0.00465246
4.08978 0.000208411 0.0017696 0.00474521
4.13965 0.000218127 0.00183356 0.0048354
4.18953 0.000228182 0.00189864 0.00492284
4.2394 0.000238582 0.00196482 0.00500733
4.28928 0.000249335 0.00203207 0.00508867
4.33915 0.000260449 0.00210036 0.00516667
4.38903 0.00027193 0.00216965 0.00524114
4.4389 0.000283786 0.0022399 0.00531188
4.48878 0.000296024 0.00231108 0.00537873
4.53865 0.000308651 0.00238315 0.00544151
4.58853 0.000321675 0.00245606 0.00550004
4.6384 0.000335102 0.00252977 0.00555417
4.68828 0.00034894 0.00260424 0.00560373
4.73815 0.000363195 0.0026794 0.00564858
4.78803 0.000377876 0.00275522 0.00568858
4.83791 0.000392988 0.00283163 0.00572359
4.88778 0.000408538 0.00290859 0.00575349
4.93766 0.000424533 0.00298604 0.00577818
4.98753 0.000440981 0.00306391 0.00579754
5.03741 0.000457887 0.00314214 0.00581148
5.08728 0.000475258 0.00322068 0.00581993
5.13716 0.0004931 0.00329946 0.0058228
5.18703 0.00051142 0.00337841 0.00582004
5.23691 0.000530223 0.00345747 0.00581161
5.28678 0.000549516 0.00353656 0.00579746
5.33666 0.000569305 0.00361562 0.00577758
5.38653 0.000589596 0.00369457 0.00575196
5.43641 0.000610393 0.00377333 0.00572059
5.48628 0.000631703 0.00385184 0.0056835
5.53616 0.00065353 0.00393002 0.00564072
5.58603 0.00067588 0.00400779 0.00559228
5.63591 0.000698758 0.00408507 0.00553826
5.68579 0.000722168 0.00416178 0.0054787
5.73566 0.000746115 0.00423785 0.00541371
5.78554 0.000770603 0.00431319 0.00534338
5.83541 0.000795637 0.00438772 0.00526782
5.88529 0.000821219 0.00446136 0.00518716
5.93516 0.000847354 0.00453403 0.00510153
5.98504 0.000874046 0.00460564 0.00501109
6.03491 0.000901297 0.00467612 0.00491599
6.08479 0.00092911 0.00474538 0.00481643
6.13466 0.000957488 0.00481333 0.00471258
6.18454 0.000986433 0.0048799 0.00460465
6.23441 0.00101595 0.00494501 0.00449285
6.28429 0.00104603 0.00500856 0.00437741
6.33416 0.00107669 0.00507049 0.00425856
6.38404 0.00110793 0.00513071 0.00413654
6.43392 0.00113973 0.00518914 0.00401162
6.48379 0.00117212 0.00524571 0.00388405
6.53367 0.00120508 0.00530033 0.00375411
6.58354 0.00123861 0.00535293 0.00362209
6.63342 0.00127273 0.00540343 0.00348826
6.68329 0.00130741 0.00545177 0.00335292
6.73317 0.00134268 0.00549787 0.00321638
6.78304 0.00137851 0.00554166 0.00307894
6.83292 0.00141492 0.00558307 0.00294092
6.88279 0.00145189 0.00562203 0.00280262
6.93267 0.00148943 0.00565849 0.00266436
6.98254 0.00152754 0.00569238 0.00252647
7.03242 0.00156621 0.00572364 0.00238927
7.08229 0.00160543 0.00575222 0.00225307
7.13217 0.00164521 0.00577805 0.0021182
7.18204 0.00168554 0.0058011 0.00198498
7.23192 0.00172641 0.0058213 0.00185372
7.2818 0.00176783 0.00583861 0.00172475
7.33167 0.00180978 0.005853 0.00159837
7.38155 0.00185225 0.00586442 0.00147488
7.43142 0.00189525 0.00587283 0.0013546
7.4813 0.00193877 0.00587821 0.00123781
7.53117 0.00198279 0.00588052 0.0011248
7.58105 0.00202732 0.00587973 0.00101586
7.63092 0.00207234 0.00587583 0.000911245
7.6808 0.00211784 0.00586879 0.000811224
7.73067 0.00216382 0.0058586 0.000716046
7.78055 0.00221027 0.00584525 0.000625952
7.83042 0.00225718 0.00582873 0.000541169
7.8803 0.00230454 0.00580904 0.00046191
7.93017 0.00235233 0.00578618 0.00038838
7.98005 0.00240055 0.00576015 0.000320764
8.02993 0.00244919 0.00573096 0.000259237
8.0798 0.00249823 0.00569863 0.000203957
8.12968 0.00254767 0.00566316 0.000155067
8.17955 0.00259749 0.00562459 0.000112693
8.22943 0.00264767 0.00558294 7.69461e-005
8.2793 0.00269821 0.00553824 4.79186e-005
8.32918 0.00274909 0.00549051 2.56867e-005
8.37905 0.0028003 0.00543981 1.0309e-005
8.42893 0.00285182 0.00538616 1.8257e-006
8.4788 0.00290364 0.00532962 2.59365e-007
8.52868 0.00295574 0.00527025 5.61409e-006
8.57855 0.00300811 0.00520808 1.78756e-005
8.62843 0.00306073 0.00514318 3.70114e-005
8.6783 0.00311359 0.00507562 6.29701e-005
8.72818 0.00316666 0.00500546 9.56825e-005
8.77805 0.00321994 0.00493277 0.00013506
8.82793 0.0032734 0.00485763 0.000180998
8.87781 0.00332703 0.00478011 0.000233372
8.92768 0.00338081 0.00470029 0.000292039
8.97756 0.00343472 0.00461827 0.000356842
9.02743 0.00348873 0.00453413 0.000427603
9.07731 0.00354285 0.00444797 0.00050413
9.12718 0.00359703 0.00435987 0.000586214
9.17706 0.00365127 0.00426994 0.00067363
9.22693 0.00370554 0.00417828 0.000766138
9.27681 0.00375983 0.00408501 0.000863484
9.32668 0.00381411 0.00399021 0.000965399
9.37656 0.00386836 0.00389401 0.0010716
9.42643 0.00392256 0.00379653 0.0011818
9.47631 0.0039767 0.00369787 0.00129569
9.52618 0.00403074 0.00359815 0.00141294
9.57606 0.00408467 0.0034975 0.00153324
9.62594 0.00413846 0.00339603 0.00165626
9.67581 0.00419209 0.00329388 0.00178163
9.72569 0.00424555 0.00319117 0.00190902
9.77556 0.00429881 0.00308802 0.00203807
9.82544 0.00435183 0.00298457 0.00216841
9.87531 0.00440462 0.00288094 0.00229967
9.92519 0.00445713 0.00277727 0.00243149
9.97506 0.00450935 0.00267369 0.00256349
10.0249 0.00456125 0.00257033 0.00269529
10.0748 0.00461281 0.00246732 0.00282653
10.1247 0.004664 0.0023648 0.00295683
10.1746 0.00471481 0.00226289 0.00308581
10.2244 0.00476521 0.00216174 0.00321312
10.2743 0.00481518 0.00206148 0.00333837
10.3242 0.00486468 0.00196223 0.00346122
10.3741 0.00491371 0.00186412 0.00358131
10.4239 0.00496223 0.0017673 0.0036983
10.4738 0.00501022 0.00167188 0.00381184
10.5237 0.00505766 0.001578 0.00392162
10.5736 0.00510453 0.00148577 0.0040273
10.6234 0.00515079 0.00139533 0.00412859
10.6733 0.00519643 0.0013068 0.00422518
10.7232 0.00524143 0.0012203 0.0043168
10.7731 0.00528575 0.00113594 0.00440318
10.8229 0.00532939 0.00105384 0.00448406
10.8728 0.0053723 0.000974112 0.0045592
10.9227 0.00541448 0.000896868 0.00462839
10.9726 0.0054559 0.000822213 0.00469142
11.0224 0.00549654 0.00075025 0.0047481
11.0723 0.00553637 0.000681079 0.00479826
11.1222 0.00557537 0.000614798 0.00484174
11.1721 0.00561352 0.000551497 0.00487843
11.2219 0.0056508 0.000491266 0.00490819
11.2718 0.00568719 0.00043419 0.00493095
11.3217 0.00572267 0.000380348 0.00494663
11.3716 0.00575721 0.000329817 0.00495517
11.4214 0.00579079 0.000282669 0.00495655
11.4713 0.00582341 0.000238969 0.00495076
11.5212 0.00585502 0.000198781 0.00493779
11.5711 0.00588563 0.000162161 0.0049177
11.6209 0.0059152 0.000129162 0.00489052
11.6708 0.00594371 9.98314e-005 0.00485633
11.7207 0.00597116 7.42111e-005 0.00481523
11.7706 0.00599752 5.23379e-005 0.00476732
11.8204 0.00602277 3.42434e-005 0.00471275
11.8703 0.00604691 1.99537e-005 0.00465166
11.9202 0.0060699 9.48949e-006 0.00458422
11.9701 0.00609174 2.86602e-006 0.00451064
12.02 0.0061124 9.28693e-008 0.00443111
12.0698 0.00613188 1.17409e-006 0.00434587
12.1197 0.00615017 6.10809e-006 0.00425516
12.1696 0.00616723 1.48877e-005 0.00415924
12.2195 0.00618307 2.75e-005 0.00405839
12.2693 0.00619767 4.39264e-005 0.0039529
12.3192 0.00621101 6.41429e-005 0.00384308
12.3691 0.00622309 8.81197e-005 0.00372923
12.419 0.00623389 0.000115821 0.00361171
12.4688 0.00624341 0.000147207 0.00349083
12.5187 0.00625162 0.00018223 0.00336697
12.5686 0.00625853 0.000220839 0.00324047
12.6185 0.00626413 0.000262976 0.00311172
12.6683 0.0062684 0.000308578 0.00298108
12.7182 0.00627134 0.000357578 0.00284893
12.7681 0.00627294 0.000409903 0.00271568
12.818 0.00627319 0.000465474 0.0025817
12.8678 0.0062721 0.000524208 0.00244739
12.9177 0.00626964 0.000586017 0.00231315
12.9676 0.00626583 0.000650809 0.00217937
13.0175 0.00626066 0.000718486 0.00204644
13.0673 0.00625412 0.000788946 0.00191476
13.1172 0.00624621 0.000862084 0.00178472
13.1671 0.00623693 0.000937788 0.0016567
13.217 0.00622628 0.00101594 0.00153108
13.2668 0.00621426 0.00109644 0.00140823
13.3167 0.00620087 0.00117914 0.00128851
13.3666 0.00618611 0.00126393 0.00117228
13.4165 0.00616998 0.00135068 0.00105989
13.4663 0.00615249 0.00143926 0.000951661
13.5162 0.00613363 0.00152952 0.000847924
13.5661 0.00611343 0.00162135 0.000748984
13.616 0.00609187 0.00171458 0.000655136
13.6658 0.00606896 0.00180909 0.000566659
13.7157 0.00604472 0.00190473 0.000483816
13.7656 0.00601914 0.00200135 0.000406854
13.8155 0.00599224 0.0020988 0.000336002
13.8653 0.00596402 0.00219694 0.000271473
13.9152 0.0059345 0.00229561 0.000213457
13.9651 0.00590368 0.00239467 0.00016213
14.015 0.00587158 0.00249395 0.000117643
14.0648 0.0058382 0.00259331 8.01299e-005
14.1147 0.00580356 0.0026926 4.9703e-005
14.1646 0.00576768 0.00279166 2.64531e-005
14.2145 0.00573055 0.00289033 1.04499e-005
14.2643 0.00569221 0.00298848 1.74133e-006
14.3142 0.00565266 0.00308594 3.53358e-007
14.3641 0.00561193 0.00318256 6.2902e-006
14.414 0.00557002 0.0032782 1.9534e-005
14.4638 0.00552695 0.0033727 4.00452e-005
14.5137 0.00548275 0.00346593 6.7762e-005
14.5636 0.00543742 0.00355773 0.000102601
14.6135 0.005391 0.00364796 0.000144459
14.6633 0.00534349 0.00373649 0.000193208
14.7132 0.00529492 0.00382317 0.000248703
14.7631 0.00524532 0.00390787 0.000310777
14.813 0.00519469 0.00399047 0.000379244
14.8628 0.00514307 0.00407082 0.000453896
14.9127 0.00509048 0.0041488 0.00053451
14.9626 0.00503693 0.0042243 0.000620843
15.0125 0.00498246 0.00429719 0.000712635
15.0623 0.00492709 0.00436737 0.00080961
15.1122 0.00487085 0.00443471 0.000911475
15.1621 0.00481375 0.00449912 0.00101792
15.212 0.00475583 0.00456049 0.00112863
15.2618 0.00469711 0.00461874 0.00124327
15.3117 0.00463762 0.00467376 0.0013615
15.3616 0.00457738 0.00472547 0.00148295
15.4115 0.00451643 0.00477379 0.00160726
15.4613 0.00445479 0.00481864 0.00173405
15.5112 0.0043925 0.00485995 0.00186295
15.5611 0.00432958 0.00489766 0.00199356
15.611 0.00426605 0.00493171 0.00212549
15.6608 0.00420196 0.00496204 0.00225834
15.7107 0.00413733 0.00498861 0.0023917
15.7606 0.0040722 0.00501136 0.00252519
15.8105 0.00400658 0.00503028 0.00265838
15.8603 0.00394052 0.00504532 0.00279089
15.9102 0.00387405 0.00505646 0.0029223
15.9601 0.0038072 0.00506369 0.00305223
16.01 0.00373999 0.00506698 0.00318028
16.0599 0.00367247 0.00506634 0.00330606
16.1097 0.00360467 0.00506177 0.00342919
16.1596 0.00353661 0.00505326 0.0035493
16.2095 0.00346834 0.00504085 0.00366602
16.2594 0.00339988 0.00502453 0.00377901
16.3092 0.00333127 0.00500434 0.00388792
16.3591 0.00326255 0.00498031 0.00399242
16.409 0.00319374 0.00495247 0.0040922
16.4589 0.00312488 0.00492087 0.00418695
16.5087 0.003056 0.00488556 0.00427638
16.5586 0.00298714 0.00484658 0.00436023
16.6085 0.00291833 0.00480401 0.00443824
16.6584 0.00284961 0.0047579 0.00451018
16.7082 0.002781 0.00470834 0.00457582
16.7581 0.00271255 0.00465538 0.00463498
16.808 0.00264429 0.00459913 0.00468746
16.8579 0.00257625 0.00453965 0.00473312
16.9077 0.00250846 0.00447706 0.0047718
16.9576 0.00244096 0.00441144 0.00480341
17.0075 0.00237379 0.00434289 0.00482783
17.0574 0.00230696 0.00427153 0.004845
17.1072 0.00224053 0.00419746 0.00485486
17.1571 0.00217452 0.0041208 0.00485739
17.207 0.00210896 0.00404167 0.00485257
17.2569 0.00204389 0.00396019 0.00484043
17.3067 0.00197934 0.00387649 0.00482099
17.3566 0.00191534 0.0037907 0.00479432
17.4065 0.00185192 0.00370295 0.0047605
17.4564 0.00178912 0.00361338 0.00471963
17.5062 0.00172696 0.00352213 0.00467183
17.5561 0.00166549 0.00342934 0.00461725
17.606 0.00160472 0.00333516 0.00455605
17.6559 0.00154468 0.00323973 0.00448843
17.7057 0.00148542 0.0031432 0.00441458
17.7556 0.00142696 0.00304573 0.00433472
17.8055 0.00136932 0.00294746 0.00424911
17.8554 0.00131253 0.00284854 0.00415799
17.9052 0.00125663 0.00274914 0.00406165
17.9551 0.00120165 0.0026494 0.00396038
18.005 0.0011476 0.00254949 0.00385447
18.0549 0.00109452 0.00244955 0.00374426
18.1047 0.00104243 0.00234974 0.00363008
18.1546 0.000991357 0.00225023 0.00351227
18.2045 0.00094133 0.00215115 0.00339118
18.2544 0.000892372 0.00205268 0.0032672
18.3042 0.000844507 0.00195495 0.00314068
18.3541 0.000797758 0.00185813 0.00301201
18.404 0.00075215 0.00176236 0.00288158
18.4539 0.000707704 0.0016678 0.00274979
18.5037 0.000664443 0.00157458 0.00261704
18.5536 0.000622388 0.00148286 0.00248371
18.6035 0.00058156 0.00139278 0.00235023
18.6534 0.000541979 0.00130447 0.00221699
18.7032 0.000503665 0.00121808 0.00208439
18.7531 0.000466636 0.00113374 0.00195283
18.803 0.000430911 0.00105158 0.00182272
18.8529 0.000396508 0.000971721 0.00169444
18.9027 0.000363442 0.000894296 0.00156838
18.9526 0.000331731 0.000819423 0.00144492
19.0025 0.000301391 0.000747216 0.00132444
19.0524 0.000272435 0.000677789 0.00120729
19.1022 0.000244878 0.000611249 0.00109384
19.1521 0.000218735 0.000547698 0.000984417
19.202 0.000194016 0.000487235 0.000879359
19.2519 0.000170735 0.000429954 0.000778981
19.3017 0.000148903 0.000375944 0.000683584
19.3516 0.00012853 0.000325287 0.000593458
19.4015 0.000109627 0.000278063 0.000508873
19.4514 9.22021e-005 0.000234343 0.000430083
19.5012 7.62642e-005 0.000194196 0.000357327
19.5511 6.1821e-005 0.000157684 0.000290822
19.601 4.88794e-005 0.000124862 0.00023077
19.6509 3.74457e-005 9.57818e-005 0.00017735
19.7007 2.75254e-005 7.04877e-005 0.000130724
19.7506 1.91232e-005 4.90189e-005 9.10311e-005
19.8005 1.22433e-005 3.14083e-005 5.83915e-005
19.8504 6.88875e-006 1.7683e-005 3.29028e-005
19.9002 3.06227e-006 7.86415e-006 1.46418e-005
19.9501 7.65659e-007 1.96679e-006 3.6632e-006
