Evalues 4.05779 7.90926 11.8185
0.0166113 4.80566e-006 8.85814e-006 1.22713e-005
0.0332226 1.95216e-005 3.59457e-005 4.97425e-005
0.0498339 4.45719e-005 8.19277e-005 0.000113172
0.0664452 8.03462e-005 0.000147323 0.000203001
0.0830565 0.000127198 0.000232499 0.000319342
0.0996678 0.00018544 0.00033766 0.000461975
0.116279 0.000255347 0.000462852 0.000630337
0.13289 0.000337149 0.000607949 0.000823532
0.149502 0.000431032 0.00077266 0.00104033
0.166113 0.000537136 0.000956523 0.00127917
0.182724 0.000655555 0.00115891 0.0015382
0.199336 0.000786334 0.00137903 0.00181528
0.215947 0.00092947 0.00161592 0.00210798
0.232558 0.00108491 0.00186848 0.00241365
0.249169 0.00125256 0.00213545 0.00272942
0.265781 0.00143225 0.00241543 0.00305226
0.282392 0.0016238 0.0027069 0.00337896
0.299003 0.00182695 0.00300821 0.00370625
0.315615 0.00204141 0.00331761 0.00403076
0.332226 0.00226683 0.00363325 0.00434911
0.348837 0.00250281 0.00395321 0.00465792
0.365449 0.00274894 0.0042755 0.00495389
0.38206 0.00300471 0.00459808 0.0052338
0.398671 0.00326963 0.00491887 0.00549457
0.415282 0.00354312 0.00523579 0.00573329
0.431894 0.0038246 0.00554675 0.00594729
0.448505 0.00411342 0.00584966 0.00613411
0.465116 0.00440893 0.00614248 0.0062916
0.481728 0.00471044 0.00642323 0.00641789
0.498339 0.00501723 0.00668998 0.00651147
0.51495 0.00532854 0.00694087 0.00657115
0.531561 0.00564363 0.00717416 0.00659614
0.548173 0.0059617 0.0073882 0.00658601
0.564784 0.00628196 0.00758147 0.00654072
0.581395 0.00660359 0.0077526 0.00646065
0.598007 0.0069258 0.00790035 0.00634653
0.614618 0.00724774 0.00802364 0.00619949
0.631229 0.00756861 0.00812155 0.00602105
0.647841 0.00788758 0.00819336 0.00581305
0.664452 0.00820382 0.00823851 0.0055777
0.681063 0.00851654 0.00825661 0.00531749
0.697674 0.00882494 0.00824749 0.00503523
0.714286 0.00912823 0.00821116 0.00473396
0.730897 0.00942565 0.0081478 0.00441695
0.747508 0.00971645 0.0080578 0.00408763
0.76412 0.00999991 0.00794174 0.0037496
0.780731 0.0102753 0.00780036 0.00340656
0.797342 0.010542 0.0076346 0.00306224
0.813953 0.0107994 0.00744556 0.00272043
0.830565 0.0110468 0.00723448 0.00238486
0.847176 0.0112836 0.00700279 0.00205922
0.863787 0.0115094 0.00675205 0.00174708
0.880399 0.0117236 0.00648392 0.00145184
0.89701 0.0119258 0.00620023 0.00117676
0.913621 0.0121155 0.00590286 0.000924833
0.930233 0.0122924 0.00559382 0.000698822
0.946844 0.0124561 0.00527518 0.000501193
0.963455 0.0126063 0.00494907 0.000334104
0.980066 0.0127427 0.00461768 0.000199374
0.996678 0.0128653 0.0042832 9.84686e-005
1.01329 0.0129737 0.00394787 3.2483e-005
1.0299 0.0130678 0.00361391 2.13224e-006
1.04651 0.0131477 0.00328352 7.7445e-006
1.06312 0.0132132 0.00295887 4.92594e-005
1.07973 0.0132643 0.00264211 0.000126231
1.09635 0.0133011 0.00233529 0.000237832
1.11296 0.0133237 0.00204042 0.000382871
1.12957 0.0133322 0.0017594 0.000559801
1.14618 0.0133267 0.00149405 0.00076674
1.16279 0.0133075 0.00124606 0.0010015
1.1794 0.0132747 0.00101701 0.00126159
1.19601 0.0132287 0.000808373 0.00154429
1.21262 0.0131697 0.000621449 0.00184664
1.22924 0.0130981 0.000457413 0.00216547
1.24585 0.0130141 0.000317289 0.00249748
1.26246 0.0129183 0.000201944 0.00283923
1.27907 0.0128109 0.000112088 0.00318722
1.29568 0.0126924 4.82683e-005 0.00353787
1.31229 0.0125633 1.08733e-005 0.00388762
1.3289 0.012424 1.27835e-007 0.00423293
1.34551 0.012275 1.60963e-005 0.00457033
1.36213 0.0121167 5.86843e-005 0.00489645
1.37874 0.0119497 0.000127642 0.00520805
1.39535 0.0117745 0.000222568 0.00550207
1.41196 0.0115916 0.000342914 0.00577566
1.42857 0.0114016 0.000487993 0.00602616
1.44518 0.0112049 0.000656984 0.00625119
1.46179 0.011002 0.000848938 0.00644865
1.47841 0.0107936 0.00106279 0.00661669
1.49502 0.0105801 0.00129737 0.00675382
1.51163 0.0103621 0.0015514 0.00685883
1.52824 0.0101401 0.00182352 0.00693085
1.54485 0.00991456 0.00211228 0.00696934
1.56146 0.00968602 0.00241618 0.0069741
1.57807 0.00945498 0.00273363 0.00694525
1.59468 0.00922191 0.00306303 0.00688324
1.6113 0.00898729 0.00340272 0.00678885
1.62791 0.00875158 0.003751 0.00666314
1.64452 0.00851522 0.00410618 0.00650749
1.66113 0.00827864 0.00446656 0.00632352
1.67774 0.00804226 0.00483043 0.00611315
1.69435 0.00780647 0.0051961 0.00587848
1.71096 0.00757166 0.0055619 0.00562186
1.72757 0.00733819 0.00592621 0.00534581
1.74419 0.0071064 0.00628742 0.00505299
1.7608 0.00687663 0.006644 0.00474624
1.77741 0.00664918 0.00699444 0.00442844
1.79402 0.00642434 0.00733733 0.00410258
1.81063 0.00620239 0.0076713 0.0037717
1.82724 0.00598357 0.00799506 0.00343883
1.84385 0.00576813 0.00830741 0.00310701
1.86047 0.00555628 0.00860723 0.00277924
1.87708 0.00534821 0.00889346 0.00245843
1.89369 0.00514411 0.00916517 0.00214744
1.9103 0.00494414 0.0094215 0.001849
1.92691 0.00474844 0.00966168 0.00156568
1.94352 0.00455714 0.00988503 0.00129993
1.96013 0.00437034 0.010091 0.00105401
1.97674 0.00418815 0.0102791 0.000829993
1.99336 0.00401065 0.0104489 0.00062975
2.00997 0.00383789 0.0106001 0.000454935
2.02658 0.00366993 0.0107326 0.000306976
2.04319 0.0035068 0.0108462 0.00018707
2.0598 0.00334852 0.0109409 9.61773e-005
2.07641 0.00319511 0.0110167 3.50162e-005
2.09302 0.00304657 0.0110738 4.06595e-006
2.10963 0.00290287 0.0111123 3.56635e-006
2.12625 0.002764 0.0111326 3.35216e-005
2.14286 0.00262992 0.0111349 9.3706e-005
2.15947 0.00250059 0.0111197 0.000183671
2.17608 0.00237596 0.0110875 0.000302755
2.19269 0.00225596 0.0110388 0.000450091
2.2093 0.00214054 0.0109741 0.000624625
2.22591 0.00202962 0.010894 0.000825121
2.24252 0.00192311 0.0107992 0.00105018
2.25914 0.00182094 0.0106904 0.00129826
2.27575 0.00172301 0.0105683 0.00156767
2.29236 0.00162923 0.0104336 0.00185663
2.30897 0.00153951 0.0102871 0.00216323
2.32558 0.00145373 0.0101295 0.00248549
2.34219 0.0013718 0.00996167 0.00282138
2.3588 0.0012936 0.00978436 0.00316879
2.37542 0.00121904 0.00959836 0.00352561
2.39203 0.00114801 0.00940446 0.00388969
2.40864 0.00108038 0.00920345 0.00425889
2.42525 0.00101605 0.00899612 0.00463109
2.44186 0.000954916 0.00878322 0.00500419
2.45847 0.000896858 0.00856551 0.00537614
2.47508 0.000841768 0.00834373 0.00574495
2.49169 0.000789535 0.00811859 0.00610869
2.50831 0.000740052 0.0078908 0.00646552
2.52492 0.00069321 0.00766101 0.00681367
2.54153 0.000648904 0.00742987 0.00715151
2.55814 0.000607028 0.00719802 0.00747746
2.57475 0.00056748 0.00696603 0.00779009
2.59136 0.00053016 0.00673447 0.00808808
2.60797 0.000494969 0.00650387 0.00837023
2.62458 0.000461812 0.00627474 0.00863546
2.6412 0.000430593 0.00604754 0.00888283
2.65781 0.000401223 0.00582271 0.00911152
2.67442 0.000373613 0.00560066 0.00932083
2.69103 0.000347677 0.00538177 0.0095102
2.70764 0.00032333 0.00516638 0.0096792
2.72425 0.000300494 0.00495481 0.00982751
2.74086 0.00027909 0.00474733 0.00995494
2.75748 0.000259044 0.00454422 0.0100614
2.77409 0.000240282 0.00434568 0.010147
2.7907 0.000222735 0.00415192 0.0102117
2.80731 0.000206337 0.00396311 0.0102559
2.82392 0.000191024 0.0037794 0.0102799
2.84053 0.000176734 0.00360089 0.0102842
2.85714 0.000163408 0.0034277 0.0102691
2.87375 0.000150991 0.00325989 0.0102354
2.89037 0.000139428 0.00309751 0.0101835
2.90698 0.000128668 0.0029406 0.0101144
2.92359 0.000118664 0.00278917 0.0100287
2.9402 0.000109367 0.00264321 0.00992718
2.95681 0.000100736 0.00250269 0.00981076
2.97342 9.27261e-005 0.00236759 0.0096803
2.99003 8.52996e-005 0.00223785 0.0095367
3.00664 7.84182e-005 0.0021134 0.0093809
3.02326 7.20466e-005 0.00199417 0.00921382
3.03987 6.61509e-005 0.00188007 0.00903642
3.05648 6.06995e-005 0.001771 0.00884964
3.07309 5.56623e-005 0.00166686 0.00865443
3.0897 5.10111e-005 0.00156753 0.00845172
3.10631 4.67192e-005 0.0014729 0.00824243
3.12292 4.27617e-005 0.00138284 0.00802748
3.13953 3.91149e-005 0.00129722 0.00780773
3.15615 3.57568e-005 0.0012159 0.00758406
3.17276 3.26666e-005 0.00113875 0.00735728
3.18937 2.98248e-005 0.00106564 0.0071282
3.20598 2.72133e-005 0.000996411 0.00689759
3.22259 2.4815e-005 0.000930934 0.00666617
3.2392 2.26141e-005 0.000869065 0.00643463
3.25581 2.05955e-005 0.000810662 0.00620365
3.27243 1.87456e-005 0.000755585 0.00597382
3.28904 1.70512e-005 0.000703694 0.00574573
3.30565 1.55004e-005 0.000654852 0.00551992
3.32226 1.40819e-005 0.000608922 0.00529687
3.33887 1.27853e-005 0.000565773 0.00507706
3.35548 1.1601e-005 0.000525274 0.00486088
3.37209 1.05198e-005 0.000487296 0.00464872
3.3887 9.5336e-006 0.000451716 0.00444091
3.40532 8.6345e-006 0.000418412 0.00423776
3.42193 7.8154e-006 0.000387267 0.00403953
3.43854 7.06965e-006 0.000358167 0.00384645
3.45515 6.39115e-006 0.000331002 0.00365871
3.47176 5.77422e-006 0.000305666 0.00347647
3.48837 5.21365e-006 0.000282056 0.00329986
3.50498 4.70462e-006 0.000260075 0.00312898
3.52159 4.2427e-006 0.000239626 0.00296391
3.53821 3.82379e-006 0.00022062 0.00280469
3.55482 3.44414e-006 0.000202971 0.00265135
3.57143 3.10029e-006 0.000186594 0.00250388
3.58804 2.78908e-006 0.000171412 0.00236227
3.60465 2.50757e-006 0.000157349 0.00222646
3.62126 2.25311e-006 0.000144333 0.0020964
3.63787 2.02324e-006 0.000132297 0.00197202
3.65449 1.81571e-006 0.000121176 0.00185323
3.6711 1.62849e-006 0.000110908 0.00173992
3.68771 1.45968e-006 0.000101437 0.00163198
3.70432 1.30758e-006 9.27067e-005 0.00152929
3.72093 1.17062e-006 8.46665e-005 0.0014317
3.73754 1.04737e-006 7.72677e-005 0.00133909
3.75415 9.36524e-007 7.04645e-005 0.0012513
3.77076 8.36906e-007 6.42141e-005 0.00116818
3.78738 7.47433e-007 5.8476e-005 0.00108958
3.80399 6.67121e-007 5.32124e-005 0.00101533
3.8206 5.95079e-007 4.8388e-005 0.000945278
3.83721 5.30496e-007 4.39694e-005 0.000879258
3.85382 4.72636e-007 3.99259e-005 0.000817108
3.87043 4.20833e-007 3.62283e-005 0.000758666
3.88704 3.74481e-007 3.28498e-005 0.000703771
3.90365 3.33033e-007 2.97651e-005 0.000652263
3.92027 2.95994e-007 2.6951e-005 0.000603984
3.93688 2.62915e-007 2.43855e-005 0.000558782
3.95349 2.33392e-007 2.20487e-005 0.000516503
3.9701 2.07059e-007 1.99216e-005 0.000476999
3.98671 1.83585e-007 1.79869e-005 0.000440127
4.00332 1.62675e-007 1.62286e-005 0.000405747
4.01993 1.44058e-007 1.46318e-005 0.000373722
4.03654 1.27495e-007 1.31828e-005 0.00034392
4.05316 1.12767e-007 1.18688e-005 0.000316216
4.06977 9.96796e-008 1.06781e-005 0.000290487
4.08638 8.80574e-008 9.60006e-006 0.000266615
4.10299 7.77427e-008 8.62465e-006 0.000244488
4.1196 6.85939e-008 7.74278e-006 0.000223998
4.13621 6.04845e-008 6.94607e-006 0.000205042
4.15282 5.33007e-008 6.22682e-006 0.000187523
4.16944 4.6941e-008 5.57798e-006 0.000171346
4.18605 4.13141e-008 4.99308e-006 0.000156422
4.20266 3.63388e-008 4.46621e-006 0.000142668
4.21927 3.19424e-008 3.99195e-006 0.000130004
4.23588 2.80598e-008 3.56537e-006 0.000118353
4.25249 2.46332e-008 3.18194e-006 0.000107645
4.2691 2.16108e-008 2.83756e-006 9.78129e-005
4.28571 1.89467e-008 2.52847e-006 8.87925e-005
4.30233 1.65998e-008 2.25125e-006 8.05245e-005
4.31894 1.45337e-008 2.0028e-006 7.29531e-005
4.33555 1.27158e-008 1.78029e-006 6.60258e-005
4.35216 1.11173e-008 1.58115e-006 5.96935e-005
4.36877 9.71259e-009 1.40307e-006 5.39103e-005
4.38538 8.47898e-009 1.24392e-006 4.86333e-005
4.40199 7.39628e-009 1.1018e-006 4.38225e-005
4.4186 6.44662e-009 9.74982e-007 3.94407e-005
4.43522 5.61416e-009 8.61891e-007 3.5453e-005
4.45183 4.8849e-009 7.61118e-007 3.18275e-005
4.46844 4.24644e-009 6.71387e-007 2.8534e-005
4.48505 3.68782e-009 5.91545e-007 2.5545e-005
4.50166 3.19937e-009 5.20556e-007 2.28348e-005
4.51827 2.77254e-009 4.57484e-007 2.03795e-005
4.53488 2.3998e-009 4.01488e-007 1.81574e-005
4.5515 2.0745e-009 3.51812e-007 1.61481e-005
4.56811 1.79079e-009 3.07776e-007 1.43331e-005
4.58472 1.54352e-009 2.68771e-007 1.26951e-005
4.60133 1.32816e-009 2.3425e-007 1.12184e-005
4.61794 1.1407e-009 2.03723e-007 9.88861e-006
4.63455 9.7767e-010 1.7675e-007 8.69232e-006
4.65116 8.35978e-010 1.52941e-007 7.61741e-006
4.66777 7.12932e-010 1.31944e-007 6.65277e-006
4.68439 6.06169e-010 1.13446e-007 5.78824e-006
4.701 5.1362e-010 9.7168e-008 5.01455e-006
4.71761 4.33473e-010 8.28619e-008 4.32326e-006
4.73422 3.64146e-010 7.03063e-008 3.70671e-006
4.75083 3.04257e-010 5.93048e-008 3.15793e-006
4.76744 2.52601e-010 4.96834e-008 2.67064e-006
4.78405 2.0813e-010 4.12878e-008 2.23914e-006
4.80066 1.69931e-010 3.39819e-008 1.85831e-006
4.81728 1.37215e-010 2.76457e-008 1.52356e-006
4.83389 1.09298e-010 2.21741e-008 1.23076e-006
4.8505 8.55911e-011 1.7475e-008 9.76284e-007
4.86711 6.55898e-011 1.34684e-008 7.56886e-007
4.88372 4.88641e-011 1.00853e-008 5.69741e-007
4.90033 3.5051e-011 7.26681e-009 4.12396e-007
4.91694 2.38479e-011 4.96306e-009 2.82754e-007
4.93355 1.50068e-011 3.13293e-009 1.7906e-007
4.95017 8.33004e-012 1.74332e-009 9.98872e-008
4.96678 3.66702e-012 7.68792e-010 4.41285e-008
4.98339 9.11472e-013 1.91293e-010 1.0992e-008
