Evalues 17.4475 37.0663 56.8405
0.0119522 3.06988e-005 5.06913e-005 6.63027e-005
0.0239044 0.00012396 0.000204117 0.000266228
0.0358566 0.000281085 0.000460699 0.000598067
0.0478088 0.00050277 0.000818692 0.00105581
0.059761 0.000789093 0.0012742 0.00162931
0.0717131 0.0011395 0.00182123 0.00230451
0.0836653 0.00155283 0.00245179 0.00306392
0.0956175 0.0020273 0.00315606 0.00388708
0.10757 0.00256052 0.00392257 0.00475123
0.119522 0.00314954 0.00473842 0.00563199
0.131474 0.00379087 0.00558954 0.00650412
0.143426 0.0044805 0.00646098 0.00734233
0.155378 0.00521397 0.00733721 0.00812208
0.167331 0.00598638 0.00820246 0.00882033
0.179283 0.00679249 0.009041 0.00941629
0.191235 0.00762672 0.00983748 0.00989211
0.203187 0.00848326 0.0105773 0.0102334
0.215139 0.0093561 0.0112467 0.0104297
0.227092 0.0102391 0.0118334 0.010475
0.239044 0.011126 0.0123266 0.0103675
0.250996 0.0120106 0.012717 0.0101101
0.262948 0.0128868 0.0129976 0.00971027
0.2749 0.0137485 0.0131631 0.00917958
0.286853 0.0145897 0.0132105 0.00853355
0.298805 0.015405 0.0131391 0.00779112
0.310757 0.0161887 0.0129503 0.0069741
0.322709 0.016936 0.0126476 0.00610647
0.334661 0.0176421 0.0122368 0.00521369
0.346614 0.0183027 0.0117255 0.00432191
0.358566 0.018914 0.0111231 0.00345722
0.370518 0.0194725 0.0104408 0.00264483
0.38247 0.0199753 0.00969092 0.0019084
0.394422 0.0204199 0.00888716 0.00126928
0.406375 0.0208045 0.008044 0.000745949
0.418327 0.0211276 0.00717654 0.000353482
0.430279 0.0213883 0.00630022 0.000103138
0.442231 0.0215861 0.0054305 2.06745e-006
0.454183 0.021721 0.00458261 5.31464e-005
0.466135 0.0217936 0.00377128 0.000254934
0.478088 0.0218048 0.00301047 0.000601759
0.49004 0.021756 0.00231318 0.00108393
0.501992 0.0216489 0.00169117 0.00168805
0.513944 0.0214856 0.00115485 0.00239744
0.525896 0.0212685 0.000713098 0.00319267
0.537849 0.0210004 0.000373145 0.00405211
0.549801 0.0206842 0.000140489 0.00495255
0.561753 0.0203231 1.88511e-005 0.00586992
0.573705 0.0199204 1.01521e-005 0.0067799
0.585657 0.0194796 0.000114531 0.00765863
0.59761 0.0190044 0.000330391 0.00848332
0.609562 0.0184983 0.000654473 0.00923289
0.621514 0.0179652 0.00108196 0.00988846
0.633466 0.0174085 0.0016066 0.0104338
0.645418 0.0168321 0.00222085 0.0108559
0.657371 0.0162394 0.00291605 0.0111448
0.669323 0.0156341 0.00368256 0.0112944
0.681275 0.0150194 0.00450999 0.011302
0.693227 0.0143987 0.00538736 0.0111687
0.705179 0.013775 0.00630329 0.010899
0.717131 0.0131512 0.00724619 0.0105007
0.729084 0.0125302 0.00820444 0.00998493
0.741036 0.0119145 0.00916659 0.00936521
0.752988 0.0113064 0.0101215 0.00865758
0.76494 0.0107082 0.0110584 0.00787989
0.776892 0.0101217 0.0119672 0.00705141
0.788845 0.00954869 0.0128385 0.0061923
0.800797 0.00899075 0.0136638 0.00532313
0.812749 0.00844919 0.0144352 0.0044644
0.824701 0.00792514 0.0151461 0.00363601
0.836653 0.00741955 0.0157906 0.00285688
0.848606 0.00693318 0.0163642 0.00214452
0.860558 0.00646662 0.0168629 0.00151469
0.87251 0.00602028 0.0172842 0.000981098
0.884462 0.00559442 0.0176264 0.000555162
0.896414 0.00518917 0.0178888 0.000245849
0.908367 0.00480451 0.0180715 5.95593e-005
0.920319 0.00444031 0.0181756 8.02949e-008
0.932271 0.00409633 0.0182031 6.86046e-005
0.944223 0.00377222 0.0181563 0.000263801
0.956175 0.00346757 0.0180387 0.000581938
0.968127 0.00318186 0.0178538 0.00101706
0.98008 0.00291454 0.017606 0.00156118
0.992032 0.00266498 0.0172999 0.00220455
1.00398 0.00243252 0.0169404 0.00293592
1.01594 0.00221647 0.0165327 0.00374279
1.02789 0.00201611 0.016082 0.00461176
1.03984 0.00183068 0.0155937 0.00552878
1.05179 0.00165945 0.0150732 0.00647947
1.06375 0.00150165 0.0145257 0.00744941
1.0757 0.00135653 0.0139565 0.00842435
1.08765 0.00122335 0.0133704 0.00939054
1.0996 0.00110137 0.0127724 0.0103349
1.11155 0.000989881 0.012167 0.0112452
1.12351 0.000888173 0.0115584 0.0121102
1.13546 0.000795576 0.0109505 0.0129199
1.14741 0.000711437 0.010347 0.0136656
1.15936 0.000635134 0.00975121 0.0143399
1.17131 0.00056607 0.00916605 0.0149367
1.18327 0.000503678 0.00859415 0.0154514
1.19522 0.00044742 0.00803777 0.0158807
1.20717 0.000396789 0.00749887 0.0162227
1.21912 0.000351307 0.00697906 0.0164768
1.23108 0.000310527 0.00647968 0.0166435
1.24303 0.000274031 0.00600174 0.0167244
1.25498 0.000241429 0.00554601 0.0167223
1.26693 0.000212358 0.00511299 0.0166406
1.27888 0.000186484 0.00470297 0.0164837
1.29084 0.000163496 0.004316 0.0162564
1.30279 0.000143109 0.00395197 0.0159644
1.31474 0.000125062 0.0036106 0.0156135
1.32669 0.000109114 0.00329144 0.0152097
1.33865 9.50469e-005 0.00299394 0.0147595
1.3506 8.266e-005 0.00271744 0.0142691
1.36255 7.1772e-005 0.00246118 0.013745
1.3745 6.22183e-005 0.00222435 0.0131934
1.38645 5.38501e-005 0.00200606 0.0126203
1.39841 4.65331e-005 0.0018054 0.0120316
1.41036 4.01462e-005 0.00162144 0.0114326
1.42231 3.45808e-005 0.00145322 0.0108286
1.43426 2.97397e-005 0.00129979 0.0102242
1.44622 2.55358e-005 0.00116018 0.0096238
1.45817 2.18914e-005 0.00103349 0.00903129
1.47012 1.87375e-005 0.000918775 0.00845012
1.48207 1.60126e-005 0.000815167 0.00788332
1.49402 1.36625e-005 0.00072181 0.00733346
1.50598 1.1639e-005 0.000637884 0.00680274
1.51793 9.89954e-006 0.000562613 0.00629293
1.52988 8.40687e-006 0.000495257 0.00580542
1.54183 7.12809e-006 0.00043512 0.00534127
1.55378 6.03437e-006 0.000381549 0.00490119
1.56574 5.10049e-006 0.000333932 0.00448559
1.57769 4.30441e-006 0.000291701 0.00409463
1.58964 3.62692e-006 0.000254326 0.00372821
1.60159 3.05131e-006 0.000221322 0.00338603
1.61355 2.56306e-006 0.000192239 0.0030676
1.6255 2.1496e-006 0.000166664 0.00277227
1.63745 1.80004e-006 0.000144223 0.00249928
1.6494 1.50499e-006 0.000124572 0.00224774
1.66135 1.25635e-006 0.0001074 0.00201669
1.67331 1.04717e-006 9.24251e-005 0.00180513
1.68526 8.71474e-007 7.93922e-005 0.00161198
1.69721 7.24136e-007 6.80726e-005 0.00143617
1.70916 6.00781e-007 5.82608e-005 0.00127659
1.72112 4.97673e-007 4.9773e-005 0.00113217
1.73307 4.11627e-007 4.2445e-005 0.00100182
1.74502 3.39935e-007 3.61309e-005 0.000884497
1.75697 2.80298e-007 3.07009e-005 0.00077918
1.76892 2.3077e-007 2.60404e-005 0.000684893
1.78088 1.89702e-007 2.20481e-005 0.0006007
1.79283 1.55704e-007 1.86347e-005 0.000525715
1.80478 1.27604e-007 1.57219e-005 0.0004591
1.81673 1.04415e-007 1.32411e-005 0.000400069
1.82869 8.53103e-008 1.11321e-005 0.000347889
1.84064 6.95947e-008 9.34261e-006 0.000301876
1.85259 5.66876e-008 7.8271e-006 0.0002614
1.86454 4.6104e-008 6.546e-006 0.00022588
1.87649 3.74393e-008 5.46508e-006 0.000194782
1.88845 3.03569e-008 4.55474e-006 0.000167621
1.9004 2.45768e-008 3.78949e-006 0.000143952
1.91235 1.98672e-008 3.14737e-006 0.000123373
1.9243 1.60356e-008 2.60956e-006 0.000105523
1.93625 1.29234e-008 2.15995e-006 9.00738e-005
1.94821 1.03995e-008 1.78474e-006 7.67326e-005
1.96016 8.35581e-009 1.47219e-006 6.52373e-005
1.97211 6.7036e-009 1.21231e-006 5.53543e-005
1.98406 5.36996e-009 9.96614e-007 4.68759e-005
1.99602 4.29514e-009 8.17904e-007 3.96182e-005
2.00797 3.43027e-009 6.70106e-007 3.34189e-005
2.01992 2.73542e-009 5.48089e-007 2.81348e-005
2.03187 2.17803e-009 4.47535e-007 2.36404e-005
2.04382 1.73161e-009 3.64816e-007 1.98257e-005
2.05578 1.37462e-009 2.96887e-007 1.65946e-005
2.06773 1.08958e-009 2.41202e-007 1.38636e-005
2.07968 8.62354e-010 1.95635e-007 1.156e-005
2.09163 6.81488e-010 1.58412e-007 9.62093e-006
2.10359 5.37747e-010 1.28057e-007 7.99199e-006
2.11554 4.23687e-010 1.03348e-007 6.62636e-006
2.12749 3.3332e-010 8.32678e-008 5.4838e-006
2.13944 2.61834e-010 6.69784e-008 4.52977e-006
2.15139 2.05371e-010 5.37866e-008 3.73475e-006
2.16335 1.60843e-010 4.31219e-008 3.07357e-006
2.1753 1.25781e-010 3.45149e-008 2.52476e-006
2.18725 9.82151e-011 2.75804e-008 2.07013e-006
2.1992 7.65758e-011 2.2003e-008 1.69425e-006
2.21116 5.9615e-011 1.75248e-008 1.38408e-006
2.22311 4.63415e-011 1.39352e-008 1.12864e-006
2.23506 3.59697e-011 1.10628e-008 9.18666e-007
2.24701 2.78776e-011 8.76811e-009 7.46402e-007
2.25896 2.15737e-011 6.93812e-009 6.05344e-007
2.27092 1.66704e-011 5.48114e-009 4.9006e-007
2.28287 1.28624e-011 4.3231e-009 3.96019e-007
2.29482 9.90946e-012 3.40421e-009 3.1945e-007
2.30677 7.6231e-012 2.67629e-009 2.57226e-007
2.31873 5.85553e-012 2.10063e-009 2.06753e-007
2.33068 4.49112e-012 1.64613e-009 1.65889e-007
2.34263 3.43952e-012 1.28789e-009 1.32865e-007
2.35458 2.63024e-012 1.00599e-009 1.06228e-007
2.36653 2.00838e-012 7.84532e-010 8.4781e-008
2.37849 1.53127e-012 6.10844e-010 6.75452e-008
2.39044 1.16578e-012 4.74847e-010 5.3719e-008
2.40239 8.86201e-013 3.68537e-010 4.26482e-008
2.41434 6.72675e-013 2.85571e-010 3.37999e-008
2.42629 5.09841e-013 2.20929e-010 2.67406e-008
2.43825 3.85851e-013 1.70647e-010 2.1119e-008
2.4502 2.91583e-013 1.31599e-010 1.66502e-008
2.46215 2.20019e-013 1.01325e-010 1.31044e-008
2.4741 1.65774e-013 7.78911e-011 1.02958e-008
2.48606 1.24718e-013 5.97819e-011 8.07525e-009
2.49801 9.36912e-014 4.58102e-011 6.32271e-009
2.50996 7.02791e-014 3.50482e-011 4.94203e-009
2.52191 5.26395e-014 2.6772e-011 3.85622e-009
2.53386 3.93691e-014 2.04179e-011 3.00383e-009
2.54582 2.94006e-014 1.55472e-011 2.33585e-009
2.55777 2.19238e-014 1.18197e-011 1.81332e-009
2.56972 1.63243e-014 8.97176e-012 1.40528e-009
2.58167 1.2137e-014 6.79927e-012 1.08721e-009
2.59363 9.01042e-015 5.14472e-012 8.39699e-010
2.60558 6.6794e-015 3.88666e-012 6.47434e-010
2.61753 4.94411e-015 2.9316e-012 4.98344e-010
2.62948 3.65422e-015 2.20774e-012 3.82934e-010
2.64143 2.69686e-015 1.65999e-012 2.93751e-010
2.65339 1.98737e-015 1.24616e-012 2.24954e-010
2.66534 1.46235e-015 9.34014e-013 1.71975e-010
2.67729 1.07442e-015 6.9894e-013 1.31247e-010
2.68924 7.88217e-016 5.22191e-013 9.99905e-011
2.7012 5.77379e-016 3.89508e-013 7.60447e-011
2.71315 4.22292e-016 2.90063e-013 5.7731e-011
2.7251 3.08385e-016 2.15649e-013 4.37487e-011
2.73705 2.24847e-016 1.60053e-013 3.30915e-011
2.749 1.63675e-016 1.18583e-013 2.49827e-011
2.76096 1.18946e-016 8.76984e-014 1.88233e-011
2.77291 8.62893e-017 6.47343e-014 1.41527e-011
2.78486 6.24826e-017 4.76864e-014 1.0617e-011
2.79681 4.51533e-017 3.50506e-014 7.94516e-012
2.80876 3.25581e-017 2.57001e-014 5.92947e-012
2.82072 2.34174e-017 1.87917e-014 4.41145e-012
2.83267 1.67938e-017 1.36959e-014 3.27021e-012
2.84462 1.20015e-017 9.94334e-015 2.41377e-012
2.85657 8.53966e-018 7.18455e-015 1.77222e-012
2.86853 6.04298e-018 5.15993e-015 1.29259e-012
2.88048 4.2455e-018 3.67694e-015 9.34752e-013
2.89243 2.95392e-018 2.59302e-015 6.68435e-013
2.90438 2.02802e-018 1.80284e-015 4.70817e-013
2.91633 1.36632e-018 1.22882e-015 3.24761e-013
2.92829 8.95595e-019 8.13965e-016 2.1744e-013
2.94024 5.63232e-019 5.16635e-016 1.39314e-013
2.95219 3.31723e-019 3.06658e-016 8.33488e-014
2.96414 1.74674e-019 1.62483e-016 4.44418e-014
2.9761 7.39938e-020 6.9143e-017 1.89987e-014
2.98805 1.79656e-020 1.68343e-017 4.63856e-015
